0.1392012714
0.1468349357
0.1380560270
0.1593429238
0.1423056454
0.1702688406
0.1489298716
0.1697023214
0.1444684786
0.1577729572
0.1412939911
0.1476466426
0.1430923366
0.1611668272
0.1481409635
0.1703050202
0.1482024850
0.1529966225
0.1420083939
0.1240562777
0.1462741831
0.1376606766
0.1460731023
0.1533519493
0.1501158023
0.1526429386
0.1536020606
0.1373086415
0.1519708129
0.1228829205
0.4015150985
0.5761006472
0.5028518853
1.0984958391
0.6642283979
1.4482898049
0.6092190307
1.2436328879
0.4982751849
1.1728522480
0.4348313615
0.6094944686
0.6777425767
1.0213550124
0.8533385623
1.4929420622
0.7008164145
1.6687211950
0.5946056399
1.1873485778
0.7768596449
1.4416785400
0.7887088398
1.6755638061
0.5774898865
1.6395422800
0.6934187347
1.5478786584
0.6339308134
1.0845304010
0.3633654011
0.5895180238
0.4059412340
0.8182486272
0.5323039627
0.9406585511
0.5493435976
1.0831537057
0.4603864480
1.0327720873
0.4322491746
0.5925583524
0.5419817259
0.8154532624
0.6940178911
1.0109824650
0.7099637610
1.2762552179
0.5715670153
1.1046038372
0.6421578180
1.2240637764
0.6605445720
1.2517627116
0.6618920507
1.2657861959
0.6832519509
1.2871567322
0.6297162580
1.0459045663
0.1264357355
0.1453794373
0.1287513863
0.1578800802
0.1327436391
0.1722904525
0.1370877373
0.1699771094
0.1329357963
0.1527638515
0.1301877563
0.1407877164
0.1399775520
0.1815439106
0.1389678052
0.1711315032
0.1389678052
0.1503281010
0.1355455883
0.1234233778
0.1318030576
0.1352343479
0.1355455883
0.1503281010
0.1399863090
0.1503281010
0.1400011869
0.1352343479
0.1400011869
0.1229752805
0.3550625389
0.5630617238
0.3909852670
0.8161685111
0.4828067727
0.8397156017
0.4831968828
0.6887958981
0.4196005441
0.7676410946
0.3595631378
0.5211053924
0.4880779076
0.4793788833
0.5861096347
0.7645844489
0.5267341784
0.9712499374
0.5073276129
1.0697313499
0.5891946572
1.0817506406
0.5317600685
0.9472607652
0.5212076733
0.9964857208
0.6388245469
1.0147729855
0.6286582145
1.0653430185
0.1283754875
0.1436641219
0.1279019909
0.1561585630
0.1327645766
0.1713942982
0.1433069091
0.1678603028
0.1399238301
0.1541506639
0.1336889205
0.1404786342
0.1386405050
0.1662256208
0.1398544292
0.1711515821
0.1412955627
0.1489694054
0.1364582407
0.1230332641
0.1380884213
0.1338067822
0.1384849239
0.1492437166
0.1389668090
0.1486961008
0.1477142226
0.1333187462
0.1410648613
0.1226573103
0.1326491085
0.1460587385
0.1332196177
0.1579786938
0.1352085488
0.1681344367
0.1433089844
0.1660964798
0.1383247024
0.1509876357
0.1348191277
0.1403992900
0.1419317342
0.1626130821
0.1424573627
0.1671092451
0.1421944887
0.1509482447
0.1359690917
0.1234952263
0.1359690917
0.1339814790
0.1386135540
0.1503881147
0.1459653493
0.1515125629
0.1470921975
0.1342468073
0.1474026675
0.1241325502
0.3292574104
0.5188701872
0.3391702374
0.7307415073
0.3796847571
0.8052478544
0.3837808880
0.7000948541
0.3504083667
0.6589099527
0.3437432616
0.5655785319
0.3897465040
0.5036308384
0.4035157945
0.8034017315
0.4377266447
0.9312969602
0.3980982584
0.6700540912
0.4155698196
0.8426436584
0.4228955543
0.8982858537
0.4380910761
0.9668268808
0.4429690679
0.8820957406
0.4558713607
0.6316380131
