0.1560052120
0.1613669299
0.1584296620
0.1697111861
0.1617832926
0.1809353055
0.1611991043
0.1751820251
0.1611991043
0.1620248538
0.1577306990
0.1574907657
0.1519616406
0.1761964249
0.1635200229
0.1795825163
0.1699244627
0.1590562429
0.1563784223
0.1315352792
0.1585503490
0.1474812502
0.1668681598
0.1593386614
0.1672679403
0.1587064273
0.1561655270
0.1431551162
0.1517634404
0.1289970520
0.1150190029
0.1268878623
0.1126299309
0.1329901816
0.1092267890
0.1389853083
0.1031164952
0.1361180976
0.1018150238
0.1279362853
0.1007691105
0.1242790576
0.1031164952
0.1363075959
0.1061460990
0.1393866215
0.1071959187
0.1275307566
0.1099651500
0.1070236633
0.1095947259
0.1177370785
0.1088613143
0.1280263328
0.1054448385
0.1267132675
0.1037746996
0.1165524779
0.1061327926
0.1084669955
0.1158821098
0.1220857019
0.1157515528
0.1289383913
0.1187079252
0.1359767420
0.1247760269
0.1371206105
0.1224057501
0.1283963949
0.1227589460
0.1220857019
0.1200216829
0.1337453186
0.1225073275
0.1365462807
0.1220477630
0.1231013110
0.1184126921
0.1072212318
0.1161648439
0.1142883743
0.1200216829
0.1237391885
0.1241434220
0.1224699763
0.1175569730
0.1164514116
0.1218192713
0.1053792208
0.1190404624
0.1219566546
0.1177479822
0.1266701555
0.1196341429
0.1332311720
0.1284393690
0.1350722808
0.1315554800
0.1254553974
0.1294615398
0.1213127635
0.1221694943
0.1325087056
0.1239672236
0.1339615596
0.1240324941
0.1222442867
0.1221694943
0.1073960389
0.1217124562
0.1155643221
0.1217124562
0.1227320880
0.1264426981
0.1213127635
0.1200581261
0.1139346000
0.1227967946
0.1063224600
0.1168077085
0.1211962607
0.1185096307
0.1265365511
0.1202618812
0.1338077153
0.1293461431
0.1341766529
0.1325069500
0.1249048051
0.1316046838
0.1213065367
0.1225264336
0.1312580343
0.1246387054
0.1343591922
0.1244004189
0.1223066497
0.1207080702
0.1036327993
0.1211575824
0.1094671691
0.1220667260
0.1223066497
0.1268250830
0.1219366816
0.1263326181
0.1133515739
0.1258439630
0.1017465806
0.1157817623
0.1302094286
0.1174537052
0.1382980007
0.1193298574
0.1485550630
0.1285955885
0.1474845672
0.1317193765
0.1357065861
0.1306613866
0.1294065813
0.1209467610
0.1441354892
0.1238760478
0.1485172467
0.1187444787
0.1315537706
0.1196127861
0.1147297255
0.1200541628
0.1242141701
0.1166540972
0.1318901061
0.1209111443
0.1308862197
0.1252859828
0.1237504021
0.1246539510
0.1131336090
0.1190340070
0.1292950251
0.1212521268
0.1363757988
0.1235544826
0.1460239913
0.1337101242
0.1459029574
0.1370905996
0.1354006652
0.1353792622
0.1284020713
0.1261210660
0.1419061501
0.1284318540
0.1464718238
0.1276758444
0.1316430210
0.1235544826
0.1141101562
0.1240254860
0.1225079533
0.1249783486
0.1323001524
0.1304923529
0.1309923853
0.1304923529
0.1221386868
0.1299710546
0.1119305452
0.1131725621
0.1195202714
0.1143660391
0.1271408853
0.1159970565
0.1370107187
0.1244258571
0.1338421362
0.1273480492
0.1245600671
0.1263588528
0.1190078980
0.1185327166
0.1328680991
0.1202856549
0.1354078935
0.1198425775
0.1228333641
0.1181024361
0.1058357499
0.1176752682
0.1141995078
0.1176752682
0.1232128586
0.1220912186
0.1224562000
0.1211817116
0.1129681422
0.1198425775
0.1042559886
