0.4534744520
0.6312889424
0.3434119166
0.7266572745
0.3739048998
1.0481207915
0.6751608950
0.9407783043
0.5922477417
0.5824008812
0.6099201569
0.5122041455
0.4636435820
0.9221612976
0.5704538054
1.0735006562
0.5376565639
0.5932147453
0.3226092675
-0.3227121050
0.3499540027
-0.0948315253
0.4524196683
0.6022140173
0.6191532987
0.5799873937
0.5973305208
-0.0030453435
0.6478368697
-0.4877634869
0.3584662079
0.5892144712
0.3753274297
0.6746799487
0.3093596499
1.0471404321
0.5873100239
0.8912686863
0.6726118374
0.5351212428
0.5799445893
0.5006960790
0.2909923739
0.8579501392
0.4310516349
1.0483659926
0.4306414841
0.6298647881
0.3797449453
-0.2151789538
0.3040356640
-0.1302890100
0.3775736785
0.6463501567
0.4682045192
0.6146967278
0.6308971591
-0.0331129109
0.5422721053
-0.4037918864
0.3237160787
0.4757556083
0.3286733113
0.5770918343
0.3052495481
0.8144069972
0.4806308621
0.8261128983
0.6209231686
0.5169432603
0.5894960976
0.4483786432
0.2805151198
0.7250542250
0.3971362827
0.8200645241
0.3325097317
0.4672949181
0.4285544392
-0.1032845134
0.3179358845
-0.0170514152
0.2931127653
0.4757490793
0.3657890091
0.4652809794
0.4028411971
0.0353020074
0.3491667889
-0.1963696824
0.3166992543
0.5007284024
0.2277709064
0.5718654000
0.2273624302
0.7922807358
0.3934605548
0.7775093855
0.4337675454
0.5238802807
0.4534473229
0.4612790746
0.3608469118
0.7293845342
0.3120687710
0.8106713252
0.3390148411
0.4978713515
0.2759269164
-0.1535436411
0.2254240091
0.0429279898
0.2943320124
0.5155041444
0.3833615435
0.4881009094
0.3395067062
0.0258157903
0.3266400847
-0.2106034848
0.7906639088
0.8107851753
0.7710167236
0.8782898652
0.7826860904
0.9312773583
0.8199143951
0.9124443180
0.8300944443
0.8329394081
0.8563691853
0.7800731651
0.8177534907
0.8753112747
0.8019027343
0.9288630059
0.8029403095
0.8965353956
0.7967548233
0.7736354476
0.7947141181
0.8310662069
0.7926838399
0.8994542144
0.8113385829
0.8936354591
0.8134656735
0.8342678929
0.8071176002
0.7634469472
0.6994859611
0.7724696993
0.6518701951
0.8228894796
0.6619510762
0.8902726655
0.7197054942
0.8573752942
0.7256133904
0.7744560884
0.7496454610
0.7178845858
0.7217919257
0.8092400480
0.6897963313
0.8782718537
0.6994859611
0.9000843079
0.7050652788
0.7216750539
0.6913605865
0.8122802811
0.6818932393
0.9024670689
0.7176310900
0.8930399366
0.7238904896
0.7885793767
0.7281244400
0.7220108108
0.7342108120
0.7782144050
0.7054864042
0.8344231500
0.7181334075
0.9081074827
0.7706296598
0.8751888434
0.8010811816
0.7846731570
0.8071527967
0.7235732570
0.7676760877
0.8340735328
0.7434559812
0.8954193689
0.7658159010
0.8620843564
0.7529620303
0.7331268505
0.7575859337
0.7650651238
0.7529620303
0.8637191283
0.7791162523
0.8604557611
0.7840680144
0.7549207645
0.7791162523
0.7156672048
0.7425751568
0.7770291276
0.7247808505
0.8059957203
0.7345598706
0.8593905804
0.7831671035
0.8797898063
0.7922848435
0.8318371895
0.8039849741
0.7909625310
0.7854268077
0.8754221967
0.7591421984
0.8665665177
0.7538861382
0.8187125936
0.7612652010
0.7566346692
0.7528436480
0.8054040738
0.7425751568
0.8110347665
0.7655470296
0.8265371775
0.7720608546
0.8135779915
0.7655470296
0.7588476976
