0.8430930944
0.9080615003
0.8361567521
0.9854138168
0.8618951945
1.0529822353
0.9020158006
1.0494787487
0.8749947138
0.9757047773
0.8557679606
0.9130812852
0.8666599060
0.9966932612
0.8972376619
1.0532059788
0.8976102760
0.9461668092
0.8600948468
0.7671929646
0.8859312303
0.8513257415
0.8847133546
0.9483642327
0.9091985652
0.9439795453
0.9303136042
0.8491486744
0.9204337116
0.7599366502
0.4723064239
0.7483168606
0.4090390140
1.0665535404
0.4078691125
1.7510417131
0.5446443478
1.6912162944
0.5556517728
1.1222690707
0.5383253241
0.7826398721
0.4595883645
1.6355748414
0.5217554372
1.8053476195
0.4140437770
0.5780949757
0.3942863426
-1.1407680380
0.3780716938
-0.4508542301
0.3495589433
0.6002991328
0.4264185718
0.5485792416
0.5688035843
-0.5960665344
0.5460669974
-1.0100371410
0.4189736753
0.6844014374
0.4029337984
0.9255888200
0.3672017363
1.4253929935
0.5162895888
1.6413178843
0.5211550536
0.9825759551
0.5212033671
0.7266636637
0.3023910877
1.5701026840
0.4146706202
1.5319557990
0.4281804849
0.6651793904
0.4068615818
-0.9937572398
0.3502734038
-0.2571228042
0.3502356174
0.6866688997
0.5213057865
0.6526931407
0.6053599190
-0.3591069016
0.6043998324
-0.9186858532
0.7884574814
0.9154892766
0.8028979574
0.9942088314
0.8277937800
1.0849544112
0.8548837214
1.0703867331
0.8289920784
0.9619907087
0.8118552088
0.8865741058
0.8729047027
1.1432256619
0.8666078879
1.0776562282
0.8666078879
0.9466522024
0.8452668290
0.7772266901
0.8219282823
0.8516032092
0.8452668290
0.9466522024
0.8729593122
0.9466522024
0.8730520912
0.8516032092
0.8730520912
0.7744049137
0.4144934210
0.5623399763
0.3890810885
0.8392615925
0.4070411662
1.2943155671
0.5636750245
1.0473690876
0.5833853774
0.7306591477
0.6094297480
0.4943481924
0.5618691606
0.9965616927
0.4610238082
1.1687112381
0.5156244417
0.5136804908
0.4228545106
-1.0234556394
0.3599958351
-0.3017739627
0.4087495723
0.5131333321
0.6197907686
0.5142560829
0.5663348702
-0.3288052250
0.5573221474
-1.0165004208
0.7846037382
0.8886988381
0.7817098274
0.9659888058
0.8114289194
1.0602362767
0.8758614181
1.0383751634
0.8551847571
0.9535680458
0.8170783130
0.8689935760
0.8473413464
1.0282631051
0.8547605936
1.0587348476
0.8635684959
0.9215170482
0.8340038101
0.7610774175
0.8439671285
0.8277218437
0.8463904677
0.9232139230
0.8493356474
0.9198263997
0.9027979831
0.8247028785
0.8621584977
0.7587517865
0.7883299226
0.8869403723
0.7917204430
0.9593241930
0.8035406043
1.0209948505
0.8516812656
1.0086193754
0.8220598174
0.9168710562
0.8012262856
0.8525734224
0.8434963063
0.9874664743
0.8466201018
1.0147693835
0.8450578492
0.9166318546
0.8080604897
0.7499236477
0.8080604897
0.8136013228
0.8237764549
0.9132304697
0.8674679675
0.9200586715
0.8741647944
0.8152125265
0.8760099088
0.7537937915
0.4413691565
0.5688852514
0.3751381301
0.7461350320
0.3793329319
1.2205472902
0.6391741103
1.0645500513
0.6388508168
0.7404465247
0.6515463653
0.5314878892
0.5227545594
1.0469781177
0.4974713205
1.2098331457
0.4605464181
0.4806141391
0.3905620578
-0.5118316825
0.3746011517
-0.2347107471
0.3965044337
0.4635781074
0.5453750112
0.4989500544
0.5403129201
-0.2686914965
0.5150918464
-0.5512825913
