0.4926394293
0.6298268975
0.4114168665
0.8745644599
0.3721795896
1.2603197808
0.6222969186
1.2894392226
0.6092022115
0.8650568270
0.5557758634
0.6104134663
0.3564228222
1.2150245521
0.4582149504
1.3007230132
0.4362884456
0.3507739162
0.4686531260
-0.5810530805
0.3922436560
-0.4468077468
0.3433834928
0.3706086303
0.5673405997
0.3386187130
0.6322751648
-0.5230428619
0.6291214134
-0.6227347113
0.4221473379
0.7029461979
0.3910718335
1.2308295250
0.3508846085
1.5908109162
0.5946883492
1.6070779132
0.6369188752
1.1611767955
0.5195144012
0.7663808478
0.3517847795
1.4815859807
0.4198333723
1.6106887973
0.2999811077
0.6840848639
0.3444447924
-0.6601088411
0.3559265333
-0.3268889713
0.3155123917
0.7022041293
0.3711608988
0.6385594140
0.5357515642
-0.4041494431
0.4853037025
-0.7646663416
0.8348530858
0.9351391786
0.8635450670
1.0033109690
0.8378191194
1.0815411793
0.8986650515
1.1002649328
0.8875777702
1.0137825460
0.8800177062
0.9492623959
0.8909009368
1.0788532021
0.8671760730
1.1006226725
0.8493201060
0.9690477195
0.8423819330
0.7652495054
0.8622396240
0.8611156224
0.8352537268
0.9690477195
0.8635450670
0.9690477195
0.9010554372
0.8610637227
0.8857989656
0.7791408635
0.7995395172
0.9128685506
0.7968925335
0.9774049266
0.8049634542
1.0517604370
0.8611608203
1.0803267572
0.8672130624
0.9749494148
0.8665028847
0.9385935338
0.8569344734
1.0378277067
0.8540951259
1.0660723486
0.8496500551
0.9642528611
0.8184146422
0.7281379406
0.8211590064
0.8428125433
0.8267033230
0.9642528611
0.8739070161
0.9634944308
0.8897837358
0.8422638027
0.8739070161
0.7352343546
0.8411534099
0.9230259091
0.8635261046
0.9870699097
0.8582867362
1.0260669268
0.8853760466
1.0070897688
0.8873612770
0.9313020684
0.8842439751
0.9060234737
0.8907952313
0.9888018305
0.8932768341
1.0164897829
0.8391646691
0.9491591127
0.8495170328
0.7524173050
0.8429908505
0.8624406874
0.8338861914
0.9508164963
0.8440739111
0.9475074971
0.8358357894
0.8515524791
0.7793508119
0.7503652712
0.3797618230
0.5668610392
0.2975990792
0.7434010622
0.2832696219
1.1231644076
0.5142036907
1.0268651659
0.5900554004
0.6811837165
0.5810669348
0.6356437731
0.4179474392
0.9548557902
0.3644532940
1.0747340375
0.3516732119
0.5699155103
0.3765783040
-0.5840855952
0.2834663478
-0.3029879052
0.2717781874
0.6097261319
0.4341343070
0.5240280907
0.4276637336
-0.2970279262
0.4514335994
-0.7766152797
0.8619448925
0.9254007329
0.8735866172
0.9620980568
0.8841226988
1.0076763127
0.9000297568
1.0050311926
0.9000297568
0.9478079413
0.8720430877
0.9145589482
0.8824896691
0.9843598712
0.9004452726
1.0063520145
0.8587078632
0.9579088532
0.8877428360
0.8299222308
0.8974785072
0.8906620222
0.8531272994
0.9556055134
0.8638502713
0.9565510328
0.8926733302
0.8886229825
0.8420982187
0.8263364914
0.4667674844
0.6103402029
0.4425908399
0.7056444569
0.4329112763
0.9350764125
0.5840236998
0.9494255075
0.5828262866
0.6548797180
0.5161751395
0.4865620248
0.4682381095
0.8689483106
0.4463243299
0.9625868462
0.4309657365
0.5645316824
0.4012322054
-0.6321813414
0.3687822702
-0.3269065069
0.4488036671
0.5936375582
0.4226835380
0.5562177220
0.4673836795
-0.0164742235
0.4079107137
-0.4271202621
