0.1221094036
0.1466582069
0.1218096806
0.1588705112
0.1196517744
0.1647704452
0.1136990267
0.1621321683
0.1124371787
0.1529099780
0.1118166999
0.1439349391
0.1165545599
0.1571012114
0.1167224147
0.1634406606
0.1168125360
0.1551640445
0.1183476548
0.1281430421
0.1186012407
0.1418801301
0.1183476548
0.1554789095
0.1152289032
0.1544816892
0.1146641572
0.1416578590
0.1143406316
0.1252532358
0.1086090766
0.1156676815
0.1078275001
0.1221872607
0.1120070073
0.1266290122
0.1162139944
0.1278877860
0.1144955035
0.1170778897
0.1066980001
0.1170213558
0.1098776096
0.1224217348
0.1158237295
0.1274843337
0.1128750395
0.1054651616
0.1093834717
0.0819513052
0.1101316309
0.0910909897
0.1109217143
0.1079946586
0.1138379976
0.1027254461
0.1144674140
0.0851833501
0.1149357542
0.0810888358
0.0901153778
0.1075473247
0.0914275366
0.1131557287
0.0929324033
0.1204838528
0.0945562312
0.1165071519
0.0924029773
0.1072673918
0.0907497202
0.1006177039
0.0895480868
0.1148582160
0.0938997910
0.1206463492
0.0962916255
0.1114666517
0.0953850392
0.0968997378
0.0944953648
0.1049424904
0.0949381177
0.1111917897
0.0976722703
0.1116258449
0.0983750187
0.1060785682
0.0972156104
0.0981125292
0.0854009137
0.1024609696
0.0848355660
0.1094271669
0.0852423859
0.1158230060
0.0902564151
0.1171290798
0.0893524992
0.1099969172
0.0872139668
0.1036834772
0.0849799834
0.1136887472
0.0891059176
0.1164832662
0.0897560172
0.1078893433
0.0915458995
0.0944403005
0.0903949694
0.1002274983
0.0880336715
0.1073728657
0.0902221970
0.1081734684
0.0921380487
0.1013804361
0.0891419615
0.0952207430
0.0772223336
0.0966552340
0.0772223336
0.1007424911
0.0773697666
0.1071385847
0.0814109427
0.1076817565
0.0818129083
0.1015839425
0.0802819809
0.0965242829
0.0776663278
0.1053176190
0.0793389280
0.1081606082
0.0806987334
0.0996607658
0.0808171715
0.0867907010
0.0815910056
0.0939000630
0.0792583926
0.0991768871
0.0821923930
0.1001406484
0.0834220026
0.0944048861
0.0823816554
0.0867309712
0.0787358402
0.0949430235
0.0759327594
0.1012461846
0.0748113428
0.1044570123
0.0767961358
0.1055253807
0.0785831602
0.1028632369
0.0806153820
0.0971363675
0.0776793717
0.1018072778
0.0757907472
0.1051941145
0.0767234386
0.0994062757
0.0808599423
0.0872789249
0.0806805497
0.0947890362
0.0762183865
0.0994177986
0.0772352287
0.0990153702
0.0789294531
0.0940015069
0.0777482357
0.0877998797
0.0741915082
0.0992509162
0.0728155109
0.1041722229
0.0726083363
0.1094981662
0.0765275879
0.1103396748
0.0772223053
0.1049620231
0.0780489214
0.1011710291
0.0774566892
0.1065194626
0.0745164637
0.1097772392
0.0747894423
0.1036025375
0.0761224272
0.0875287611
0.0760713459
0.0951799752
0.0736561685
0.1031380055
0.0759581342
0.1037077646
0.0784086278
0.0969760821
0.0751171207
0.0892103874
0.0848895018
0.1018675822
0.0837436913
0.1056461188
0.0829139289
0.1104161459
0.0852234156
0.1111186838
0.0870049516
0.1063528796
0.0888966653
0.1023563191
0.0867795960
0.1093430279
0.0840580615
0.1107663009
0.0839713516
0.1046800704
0.0865206623
0.0918024057
0.0854263449
0.0989137915
0.0839713516
0.1041996818
0.0839713516
0.1051284822
0.0888477642
0.0997570246
0.0861129721
0.0931435204
