0.3853049873
0.7290268130
0.3928705660
0.8549767262
0.3417796092
1.1993962527
0.6262219178
1.2193976308
0.6250981123
0.8304512421
0.5368052470
0.7247363529
0.4792291394
1.2390749016
0.4720825552
1.2156962785
0.4266893776
0.2045703095
0.2425788455
-0.9307579250
0.2462122974
-0.5783526040
0.3112788523
0.2336977215
0.5349965884
0.1824991328
0.5748680567
-0.6614799581
0.4655689970
-0.9215665193
0.3028245654
0.8127455440
0.3788981955
1.1930727510
0.3482672084
1.8998474765
0.7146815008
1.8365005679
0.6324722072
1.1849280012
0.5813720465
0.7817870384
0.5352796636
1.7344681405
0.5722485613
1.9314041601
0.4373344545
0.5501821524
0.4074350291
-1.0042473474
0.3957522277
-0.5233510859
0.3191818074
0.5757685260
0.5473698509
0.5213113411
0.4435538170
-0.5946369517
0.3407253530
-0.6660532093
0.3305323619
0.8116735064
0.2433648097
0.9290095611
0.1676782305
1.2593058681
0.3263271267
1.4416504881
0.4001632086
1.0243064759
0.4336916420
0.8000093605
0.2674523471
1.4563359165
0.2365186494
1.3609146928
0.2287192084
0.6624886356
0.1979613740
-0.5299627860
0.1942542442
-0.0912893251
0.1846304589
0.6589711796
0.2694636754
0.6608533754
0.2765023535
-0.1395697674
0.2666871167
-0.7459433485
0.2210743230
0.7776987650
0.2633886859
0.9370554887
0.1635321501
1.2599536596
0.3657392521
1.1271236088
0.4312861303
0.7530669777
0.3607847466
0.7260253736
0.2720298022
1.0760940309
0.2461789242
1.2601217911
0.2323079793
0.5993475025
0.2385011223
-0.7253769880
0.1919286880
-0.1454284338
0.1705599671
0.5877285069
0.2966725346
0.6108755795
0.3027757249
-0.1197847705
0.3168290086
-0.7847724038
0.2157936158
0.7156164529
0.3045450118
0.8631553661
0.1843959705
1.0816738629
0.3209894843
1.0170821591
0.3074715396
0.8224073412
0.3244619913
0.6949434035
0.2799424854
0.9657999711
0.2448527964
1.0977118482
0.2432876596
0.5287322583
0.2074393469
-0.8854163204
0.1939568903
-0.2582979233
0.1867800690
0.5231568447
0.2774351470
0.5234770972
0.2789148948
-0.2490322637
0.2896773876
-0.6446003924
0.6517559253
0.6039544080
0.5789060665
0.7130665045
0.5679360826
0.9778287968
0.6281934328
0.9176431338
0.6753522700
0.6189371169
0.7220751116
0.5324200106
0.6705515415
0.8528594247
0.5974990479
0.9538070362
0.5748529974
0.5304531007
0.6056069360
-0.4007325608
0.6110723663
-0.1742132982
0.5594149126
0.5192780942
0.5907827611
0.5259913897
0.6513073882
-0.2126052161
0.6668567747
-0.5259605160
0.1909209496
0.6449057186
0.2491605387
0.6745256184
0.1663377834
1.0580234733
0.2218033581
1.0954413703
0.2939864146
0.7715612452
0.3040928416
0.5964625535
0.1697361296
0.8876776899
0.1604884354
1.0896321532
0.2108945525
0.5703239811
0.1564632220
-0.4326968424
0.1517466090
-0.1978458085
0.1834056949
0.5728260480
0.2347040734
0.5700805477
0.2539969593
-0.1947358474
0.2249198288
-0.5263431280
0.2463623392
0.6164416346
0.1931051057
0.7263881063
0.2365616427
0.9598734578
0.4398260894
1.0739337916
0.4717527936
0.7794405615
0.5221909431
0.6402291413
0.3668259172
0.8564066757
0.3401112797
1.0144780218
0.3285942833
0.6430068902
0.2768355691
-0.5137519647
0.2709931727
-0.1668558086
0.2769537558
0.6435101954
0.3812621139
0.6114646337
0.3969677692
-0.1606848194
0.3933699671
-0.5889177476
