0.6154758825
0.5811965628
0.6481698472
0.8342110285
0.7261287090
1.0932123305
0.8410357404
1.1274397043
0.7985490634
0.7470376305
0.7305335976
0.3322026410
0.5788435167
1.0615594483
0.8145012162
1.1191667984
0.7750862823
0.3143362294
0.7033252834
-0.2817404585
0.7440429174
-0.0573615495
0.7286369732
0.3770674095
0.8151847909
0.2753093486
0.7543254841
0.0931038864
0.8153910648
-0.2069366041
0.2263824301
0.6371098902
0.1954909238
0.9545716362
0.1618858696
1.1707133843
0.2837642379
1.2603637875
0.3680322848
1.0444990245
0.3945699136
0.6666851946
0.2117376249
1.1588909232
0.1668187830
1.2138855748
0.2207000748
0.6455179009
0.2328854089
-0.6620161433
0.1401412027
-0.1759905411
0.1637786658
0.6455179009
0.2786847722
0.6354011606
0.2444823356
-0.0236121803
0.2436609932
-0.6191957247
0.7341571739
0.8736676835
0.7380282594
0.9219989110
0.7439120413
0.9814414036
0.7968515298
0.9824692263
0.8060291244
0.9176411791
0.8083566501
0.8668005806
0.7684162165
0.9646922714
0.7694723049
0.9798157994
0.7684162165
0.9143284274
0.7600707377
0.7885462330
0.7559656090
0.8638845095
0.7539296287
0.9161396688
0.7834704242
0.9125243337
0.7812838100
0.8699918064
0.7791093672
0.7876015092
0.7224328496
0.8722146387
0.7263336499
0.9181495210
0.7342630051
0.9723810965
0.7926747973
0.9755824252
0.8045269080
0.9210031949
0.8093675888
0.8753641099
0.7634333023
0.9566845159
0.7634333023
0.9755824252
0.7645180254
0.9210379755
0.7548650844
0.7855329995
0.7527529970
0.8592112170
0.7506526956
0.9227909533
0.7789052083
0.9192916452
0.7766566521
0.8598300025
0.7744210409
0.7828272683
0.7030146816
0.8512953665
0.7030146816
0.9022824323
0.7114352390
0.9624073676
0.7715008974
0.9660389624
0.7842339687
0.9077471915
0.7868311861
0.8471100669
0.7379523385
0.9411785403
0.7402516020
0.9642197455
0.7414066151
0.8935332873
0.7311394564
0.7451863372
0.7266669936
0.8238477572
0.7266669936
0.8935332873
0.7567565698
0.8935332873
0.7567565698
0.8238477572
0.7519662377
0.7422334687
0.3115045669
0.3718627254
0.2107517745
0.5990253435
0.2008478266
0.8224042492
0.2907545378
0.8765456867
0.3632476549
0.6694757200
0.4438964578
0.4667926585
0.2532568512
0.7907130188
0.1991789587
0.8515358364
0.2784302932
0.4676539038
0.3141815612
-0.4127246195
0.2736305861
-0.1386367814
0.2449815961
0.4543088268
0.3118561545
0.4632836631
0.2728052942
-0.1567496567
0.2688437591
-0.4440858386
0.7574650860
0.8747534409
0.7499923305
0.9194592930
0.7631681131
0.9643876325
0.8110853814
0.9643876325
0.8298104869
0.9190401584
0.8230723546
0.8711721313
0.7828143947
0.9489258040
0.7868656605
0.9643876325
0.7868656605
0.9147726098
0.7788046320
0.7965997557
0.7709070908
0.8612876451
0.7748357379
0.9160184054
0.7992750217
0.9134823482
0.7992750217
0.8630430433
0.7930217980
0.7965997557
0.7643226644
0.8960088810
0.7219417350
0.9344336739
0.7316787405
0.9681484406
0.7554530285
0.9672702084
0.7612575861
0.9257633044
0.7574650860
0.9000160153
0.7752450772
0.9654017715
0.7433758487
0.9701700682
0.7476445445
0.9147726098
0.7450774643
0.7848730203
0.7519625477
0.8566904606
0.7433758487
0.9160184054
0.7537037470
0.9119365947
0.7734030481
0.8641645322
0.7697451264
0.7990604535
