0.0999216689
0.1174794481
0.1008014999
0.1273556391
0.1037315509
0.1363061958
0.1080349028
0.1361840657
0.1043703539
0.1284781055
0.1031830110
0.1216678086
0.1026914214
0.1356727468
0.1075051699
0.1366161489
0.1105097422
0.1246386571
0.1031428961
0.1029639102
0.1045600007
0.1133831653
0.1080756998
0.1243866611
0.1122711463
0.1247646323
0.1096052262
0.1150362144
0.1105149966
0.1014065846
0.1052048853
0.1476279470
0.1054657938
0.1577222858
0.1062563422
0.1696930317
0.1154903741
0.1648992588
0.1190466581
0.1527472354
0.1193808474
0.1424295447
0.1098330559
0.1660673750
0.1106810953
0.1675210373
0.1111148834
0.1515529118
0.1059915125
0.1172096528
0.1070588317
0.1324847702
0.1089792917
0.1513707648
0.1133358475
0.1512302316
0.1139431798
0.1337545079
0.1127349552
0.1166892505
0.1123685054
0.1562099571
0.1132663632
0.1689714531
0.1154182238
0.1882548126
0.1260210040
0.1877998500
0.1298694982
0.1701801991
0.1298694982
0.1559460144
0.1210010376
0.1850188921
0.1204868038
0.1891404943
0.1211734257
0.1599112158
0.1203163625
0.1232688502
0.1189699973
0.1411248079
0.1186381010
0.1604506480
0.1238194776
0.1595729314
0.1241810414
0.1411248079
0.1152185534
0.1232688502
0.0974245585
0.1298008103
0.0987747233
0.1381257446
0.1013645172
0.1496427719
0.1100277792
0.1505438877
0.1105904983
0.1416243755
0.1100182909
0.1332884903
0.1059084272
0.1455961339
0.1056453268
0.1503672439
0.1043491921
0.1426199103
0.1035866656
0.1120700784
0.1023402551
0.1277929122
0.1023402551
0.1426199103
0.1064385791
0.1424544252
0.1051841395
0.1273579144
0.0981996158
0.1120700784
0.2535803084
0.4378385668
0.2777282644
0.6950393414
0.2876788873
0.6893618577
0.3413884751
0.6535377320
0.3247718824
0.7384444200
0.3218905226
0.6492391591
0.2857423230
0.5202452040
0.3457917896
0.6845530960
0.3746348442
1.2898137724
0.3584185015
0.8255102412
0.3623628363
1.3768498861
0.3555030174
1.3312038034
0.3731817146
1.2410237658
0.3733097506
1.4042752192
0.3702945935
0.7639548477
0.2615306018
0.4282440774
0.2797711895
0.6344669742
0.3207136993
0.7586267984
0.3457560703
0.6970251940
0.3142656157
0.8207367063
0.3073948785
0.5289044227
0.3160419121
0.5185622161
0.3474008278
0.7267026012
0.3216871294
1.0257466866
0.3260597747
0.7323640009
0.3328573109
1.0847617967
0.3201898781
1.0257466866
0.3231984492
1.0264407067
0.3416772083
1.1133825188
0.3360276608
0.7821066465
0.0972965208
0.1275079468
0.0979689519
0.1370667399
0.0995746956
0.1488544945
0.1076398521
0.1503539048
0.1095814028
0.1415875140
0.1087407990
0.1287399440
0.1022071676
0.1462871694
0.1034503188
0.1500536228
0.1039560881
0.1332939731
0.1024534019
0.1090752501
0.1019621141
0.1195835499
0.1022071676
0.1324010339
0.1057659040
0.1341990384
0.1057659040
0.1207511953
0.1044668272
0.1097702457
0.2419620592
0.4447918947
0.2586860878
0.5946630705
0.2785475814
0.7087074204
0.2632313935
0.6879039181
0.2746724435
0.7109794983
0.2939967241
0.5570082481
0.2517379589
0.5751441788
0.2706729917
0.7028916703
0.2927714537
0.7582066501
0.3451127147
0.7272801541
0.3148220864
0.9139653894
0.2975067956
0.7739221948
0.2881844926
0.7411687901
0.2914139330
0.9264281323
0.2939736347
0.6833467043
