0.0939930296
0.1051401746
0.0831042300
0.1051401746
0.0791396539
0.1275525174
0.0818232878
0.1269721565
0.0866303413
0.1193196966
0.0927341865
0.1156223406
0.0877762942
0.1287348467
0.0804590996
0.1285263727
0.0836279075
0.0999910582
0.0943829676
0.0852226545
0.1000139760
0.0960123644
0.0820763074
0.0981424387
0.0852393019
0.1019106561
0.0971465374
0.1023034542
0.0964405830
0.0874982709
0.0815158192
0.1073384600
0.0786708574
0.1050675013
0.0748399686
0.1202410610
0.0775877103
0.1192345860
0.0813197690
0.1105646046
0.0845742650
0.1068477488
0.0794099146
0.1193612823
0.0761890733
0.1207088469
0.0799733846
0.0982015804
0.0898596912
0.0813155516
0.0903690241
0.0939712474
0.0788543290
0.0969346884
0.0811246595
0.0995020264
0.0931997625
0.0989198231
0.0910115099
0.0876384931
0.2057420122
0.4189454663
0.2028033728
0.5401230891
0.2086200164
0.5445756243
0.2739022315
0.5604684762
0.2688095967
0.5679296417
0.2936369638
0.5953758550
0.2662970866
0.4591096884
0.2368916888
0.5524077640
0.2077326696
0.5709784559
0.2302063051
0.7026401306
0.2149638574
0.6753533332
0.1950642511
0.5637630569
0.2221608742
0.5762572870
0.2306971857
0.7413453447
0.2215896025
0.6867149548
0.2003888118
0.5308716835
0.1882087396
0.5378790152
0.1886882793
0.5231077456
0.2426816572
0.5507744160
0.2530387738
0.5604532011
0.2787187925
0.5890459489
0.2257684839
0.4342750558
0.2120198439
0.5366803281
0.2199585085
0.5429399747
0.2502142866
0.7112644640
0.2386908954
0.7148386356
0.2077229600
0.5381495071
0.2333425877
0.5478164954
0.2863880424
0.7567075780
0.2696810691
0.7013463124
0.2136752858
0.6752090443
0.2053080827
0.6497956113
0.2192056755
0.6289087579
0.2801333481
0.6103248308
0.2770479725
0.6186505343
0.2842080097
0.6622616607
0.2927190852
0.4598030858
0.2600723161
0.6331675012
0.2420615895
0.6466444788
0.2593238175
0.7041843401
0.2329291594
0.7257929059
0.2222706502
0.6601167889
0.2605969104
0.6322486372
0.2627017071
0.7825051962
0.2350844201
0.6434123112
0.2203587003
0.6833733495
0.2068197571
0.6669197537
0.2231199300
0.6193548447
0.3122052836
0.6090451103
0.3033413679
0.6334141473
0.3075560620
0.6946700340
0.2770897405
0.4572979228
0.2688459356
0.6321855630
0.2578587331
0.6502789298
0.2574774241
0.7179867674
0.2364998352
0.6860446925
0.2352521227
0.6656472521
0.2852720175
0.6356042343
0.2748732296
0.8179127912
0.2734750076
0.6701949587
0.2165824063
0.7464284913
0.2126065567
0.7110185383
0.2193915145
0.6193548447
0.3227338844
0.6205464479
0.2871608305
0.6102257859
0.2829408596
0.6830266722
0.2721969388
0.4700696793
0.2657976031
0.6356681089
0.2496056991
0.6520089734
0.2250784880
0.7240451289
0.2241272451
0.7465748210
0.2308465781
0.6601167889
0.2716833060
0.6440979081
0.2508452054
0.7825051962
0.2194507073
0.6988752146
0.0916138601
0.0961730299
0.0881925249
0.1007717364
0.0927206288
0.1063961884
0.0994951652
0.1067283996
0.0974050765
0.1014009846
0.0965659258
0.0966715124
0.0975720226
0.1086324644
0.0962074164
0.1068563395
0.0920257881
0.0970283013
0.0891921449
0.0846250761
0.0913412841
0.0911538459
0.0905332019
0.0970283013
0.0935684148
0.0968361366
0.0959068658
0.0918579357
0.0960453366
0.0845950036
