0.1191394836
0.1250368356
0.1205478747
0.1355236807
0.1243550355
0.1461141577
0.1294560193
0.1497184274
0.1263216094
0.1400121151
0.1203221196
0.1284332956
0.1283213294
0.1401172345
0.1303477503
0.1479306293
0.1299225811
0.1364530603
0.1236165697
0.1067980971
0.1260888937
0.1140864950
0.1273530706
0.1352105021
0.1319598507
0.1377186682
0.1317807621
0.1161691869
0.1291730515
0.1049477203
0.0819519017
0.1154547402
0.0818014068
0.1249895442
0.0819519017
0.1308981080
0.0862355202
0.1319219516
0.0879379305
0.1253321748
0.0882865105
0.1186125927
0.0831760931
0.1313454186
0.0840391605
0.1322285178
0.0848394579
0.1210909295
0.0845977728
0.0989762191
0.0838020072
0.1095924947
0.0836446472
0.1210909295
0.0860688975
0.1209290920
0.0859029174
0.1094609517
0.0862355202
0.0999833629
0.2973180302
0.5046446357
0.3023320737
0.8168710001
0.3230139821
0.8800943150
0.3654271719
0.8299900740
0.3357533949
0.7237002840
0.3295708653
0.5766589263
0.4279313273
0.7324688067
0.3553467489
0.8715942105
0.3273622610
1.1698306256
0.3315976952
0.7338298756
0.3214651309
1.1361909906
0.3238698335
1.1516627536
0.3309308302
1.1556433913
0.3206244900
1.1603399821
0.2994822930
0.7981916143
0.1074264774
0.1378180521
0.1079471375
0.1526145884
0.1100812448
0.1670416048
0.1185793520
0.1704121167
0.1205040553
0.1549236118
0.1198555826
0.1459816418
0.1156195231
0.1655597691
0.1141723835
0.1713003912
0.1134454579
0.1561470264
0.1103539560
0.1245740791
0.1095398460
0.1409484194
0.1111802577
0.1546190911
0.1158048806
0.1570429962
0.1149086851
0.1400360913
0.1146130278
0.1256934183
0.2808546201
0.4730909043
0.2829500350
0.7005909694
0.2966073646
0.6524141810
0.2990797430
0.7512514609
0.2963605800
0.7474098854
0.3017911312
0.6145671310
0.3033522816
0.5137122586
0.3054300251
0.7289761037
0.3118046663
1.0868701138
0.3399181680
0.8235785001
0.3247997347
1.0947859178
0.3134467675
1.0255906739
0.3101796808
1.0859249329
0.3172569981
1.0495604477
0.3277591773
0.8441622504
0.0865015218
0.1067932677
0.0868387853
0.1134523587
0.0875212640
0.1178513245
0.0926164687
0.1182640628
0.0945830104
0.1122948770
0.0943826061
0.1065380135
0.0894546155
0.1153761841
0.0899968073
0.1202686148
0.0903619347
0.1150857392
0.0896346188
0.0959759345
0.0892753338
0.1039333927
0.0889189176
0.1147568241
0.0918525603
0.1144418430
0.0912878479
0.1036992271
0.0912878479
0.0951571354
0.2601656043
0.4418461743
0.2538238568
0.6209648684
0.2727626745
0.6790528830
0.3161220742
0.7971713170
0.3072171682
0.8408615966
0.2900398058
0.5224657646
0.3444323506
0.5227235066
0.3179810746
0.7778948608
0.2817413574
1.0753933539
0.3272806333
0.6796874724
0.3020472802
1.1296279342
0.2829105026
1.0096262010
0.2805333231
0.9915866256
0.2960877503
1.0647144107
0.2914153565
0.6528645777
0.0989449360
0.1274535326
0.0985073193
0.1370361883
0.0998319386
0.1445722610
0.1062619675
0.1461220610
0.1065160617
0.1332489093
0.1045166945
0.1249668290
0.1035448962
0.1361836080
0.1030657425
0.1451134763
0.1029466462
0.1406513231
0.1028278248
0.1134068459
0.1016545245
0.1249668290
0.1009633092
0.1403625232
0.1050094664
0.1391585688
0.1042720388
0.1254254061
0.1033047637
0.1126667192
