0.3105133859
0.6450904272
0.2496365536
0.8674120725
0.2607383510
1.1089612780
0.6213926720
1.1861717944
0.6357360871
0.8387614295
0.5971902999
0.7077404386
0.3835602728
1.2386731090
0.3175923842
1.1452910322
0.2994590168
0.6340175033
0.3873194649
-0.5390635324
0.3056425216
-0.6778786486
0.2840748619
0.6338330683
0.4141713159
0.6341908014
0.4814623027
-0.6395294779
0.5897353973
-0.7039125522
0.8819059981
0.9230476862
0.8840261600
0.9865005187
0.9007834653
1.0307023426
0.9376666497
1.0655416003
0.8824010892
0.9928832459
0.8950570791
0.9087632083
0.9157874701
1.0093099276
0.9457109115
1.0558790633
0.9091270154
0.9334043949
0.8839385638
0.7862743003
0.9173754743
0.8740389328
0.9208192737
0.9234014204
0.8925221972
0.9436264621
0.9230113551
0.8809303109
0.9079505819
0.7797495686
0.8463408017
0.8955381520
0.8400295708
0.9697393489
0.8481489795
1.0297016759
0.9250483614
1.0359813457
0.9071093905
0.9708527884
0.8920971713
0.8814083212
0.8782257013
0.9597013555
0.8862122960
1.0297016759
0.8748142307
0.9624937372
0.8773217238
0.7424610778
0.8748142307
0.8494803240
0.8576552440
0.9555681738
0.8926738294
0.9625088342
0.8874971084
0.8496353686
0.8723210303
0.7388763478
0.4785083580
0.6201656210
0.4325826363
0.8316324249
0.4900614122
1.1452205647
0.7846831175
0.9578468429
0.7769522303
0.5569727186
0.7014022880
0.4717566031
0.6894759124
0.8241635883
0.6508041978
1.0237586040
0.4656447654
0.7055101511
0.3612855910
-0.6165970321
0.3888463319
-0.3146978923
0.3866450995
0.6799702700
0.5690247814
0.7336087569
0.6534012731
-0.3288796952
0.5490836900
-0.7855967661
0.5280096621
0.4200366974
0.4208519229
0.6346005695
0.4335771682
0.9917288844
0.7106861829
0.8887468776
0.6685839609
0.5149995256
0.6429384703
0.4186184154
0.6443078489
0.7784623618
0.6182755082
0.9387474591
0.4991531453
0.6859849494
0.4655418000
-0.6829755654
0.4384789423
-0.0550318108
0.4014528933
0.6549348737
0.5969677351
0.7056462176
0.6862604740
-0.2202403821
0.6090880682
-0.3315193240
0.8573921746
0.8570672706
0.8437379079
0.9199839279
0.8644792304
0.9972600490
0.9475409285
0.9738061187
0.9300790079
0.8905648672
0.9179890281
0.8314785276
0.8777453334
0.9302270167
0.9041063353
0.9856854919
0.9142499728
0.9275006491
0.9057004901
0.7483925573
0.8987685132
0.8438746593
0.8924405610
0.9303366183
0.9358183127
0.9246819173
0.9519068222
0.8438746593
0.9309333772
0.7483925573
0.4662713288
0.4771582976
0.4363997411
0.6801887103
0.4610364210
1.0685207536
0.7464008727
0.9879043952
0.6992784948
0.6401762725
0.6417850356
0.3111888059
0.5564627559
0.8688059868
0.5041813795
1.0256994670
0.3969616628
0.6770042119
0.4410858126
-0.5436603773
0.4956639723
-0.0546824413
0.4344128067
0.6724399699
0.4181361389
0.6763524048
0.4015541106
-0.0552437733
0.3100352611
-0.3966659565
0.8147603366
0.9113005685
0.7906677215
0.9710079170
0.8059413585
1.0125904040
0.9158399697
0.9987416522
0.9240904775
0.9352726647
0.9096957780
0.8948918971
0.8340913830
0.9856804725
0.8556765703
1.0077720783
0.8911305101
0.9588186310
0.8670887252
0.7764834875
0.8636998282
0.8762868810
0.8641312203
0.9605419506
0.9197593101
0.9553909944
0.9414283573
0.8722948907
0.9381223521
0.7699990603
