0.4665711237
0.5606258399
0.4042834227
0.9904549369
0.4295896425
0.7784554128
0.5716315058
0.7336580911
0.5178418268
0.8442914552
0.4800791786
0.6881631326
0.4628869350
0.5273252849
0.5492118503
0.7984675099
0.6184942144
0.9530795818
0.5289657805
0.7147107602
0.5727129471
1.1895132915
0.5308592598
0.9580541871
0.6326733557
0.9386504118
0.6375957939
1.2704630340
0.6670153974
0.6785156088
0.0818055337
0.0846369859
0.0826285527
0.0888210808
0.0860628290
0.0930468970
0.0853304569
0.0933734159
0.0842329339
0.0902549971
0.0855161640
0.0850080211
0.0868753236
0.0912030277
0.0874186822
0.0933207244
0.0848562013
0.0882706401
0.0828113920
0.0770552450
0.0844949010
0.0831857543
0.0835607397
0.0882706401
0.0845956244
0.0882484910
0.0868279978
0.0827559689
0.0863627129
0.0769382165
0.1023735492
0.1168437179
0.0975802287
0.1218184195
0.0980905378
0.1282865596
0.1034685370
0.1286950290
0.1024471979
0.1223508852
0.1035278104
0.1156146244
0.1043203903
0.1243222290
0.1007242949
0.1286850686
0.1014049826
0.1172166438
0.1004545717
0.1007828120
0.0999194358
0.1104376553
0.0996540003
0.1170472754
0.1032185971
0.1173716759
0.1018178293
0.1101767562
0.1012681101
0.0996226044
0.1020244818
0.1090023767
0.0982965169
0.1149496751
0.0993020467
0.1222270884
0.1039715326
0.1229512757
0.1048532140
0.1148365694
0.1097619291
0.1082169641
0.1045431671
0.1188238954
0.1015878199
0.1225881125
0.1018636714
0.1108592539
0.0997374365
0.0967781588
0.1006339947
0.1067677311
0.1006339947
0.1108592539
0.1031237713
0.1108592539
0.1034080390
0.1056536178
0.1031237713
0.0964187333
0.0955808829
0.0992478355
0.0908861307
0.1065369635
0.0917309401
0.1114458108
0.0981149628
0.1141724638
0.1001054915
0.1083885137
0.1007870714
0.1012238817
0.0987696181
0.1095484318
0.0946640265
0.1131905928
0.0936163463
0.1052889281
0.0922422894
0.0919012147
0.0925916024
0.0990295628
0.0917309401
0.1054768008
0.0955808829
0.1050159155
0.0952732971
0.0989259709
0.0949676846
0.0919012147
0.0901635226
0.0971166546
0.0878600778
0.1024318975
0.0886545205
0.1082956523
0.0921385066
0.1084760056
0.0930527136
0.1030351812
0.0953539960
0.0985256281
0.0930813535
0.1067003975
0.0903629443
0.1086179525
0.0903570575
0.0996899508
0.0890755415
0.0876899807
0.0892875551
0.0961323199
0.0895005804
0.0998905017
0.0887945605
0.0994451685
0.0858225856
0.0958214988
0.0802510670
0.0882863891
0.0859521567
0.0912025279
0.0834836746
0.0947248130
0.0853513041
0.0997619807
0.0895185099
0.1028187864
0.0895053625
0.0957421704
0.0899706705
0.0902761751
0.0895185099
0.1001495888
0.0873852540
0.1014478169
0.0870361290
0.0981433386
0.0842033588
0.0847404996
0.0855475133
0.0926021410
0.0859394758
0.0982609442
0.0880849519
0.0980260142
0.0885914147
0.0931357069
0.0860782036
0.0847404996
0.0972734494
0.1024891841
0.0944313636
0.1094128358
0.0947562611
0.1179005282
0.1044733270
0.1187001718
0.1030725192
0.1135559688
0.1009535179
0.1064780249
0.0992048098
0.1169952476
0.0993838047
0.1188791361
0.0993957607
0.1107179130
0.0974318689
0.0929273996
0.0974318689
0.1021924634
0.0970946871
0.1107179130
0.1017834656
0.1105627523
0.1025413948
0.1024543371
0.1015813464
0.0921413442
