0.1232406684
0.1431498791
0.1242765023
0.1501315152
0.1286079419
0.1591527258
0.1259834980
0.1593035593
0.1263034737
0.1456049938
0.1268958574
0.1388202660
0.1263034737
0.1608140524
0.1299335626
0.1600114475
0.1370977966
0.1422656243
0.1319474712
0.1198233601
0.1325772553
0.1310805756
0.1359535901
0.1433212832
0.1345021493
0.1410023248
0.1330625783
0.1290136880
0.1313610331
0.1174958403
0.1459675598
0.1548648539
0.1521435854
0.1643725846
0.1543436544
0.1787598736
0.1598510951
0.1757217108
0.1607577635
0.1593442423
0.1551126394
0.1491729297
0.1498832044
0.1822723703
0.1611143636
0.1772925908
0.1473218990
0.1568242080
0.1563702247
0.1257200849
0.1568852100
0.1387738579
0.1454900530
0.1576448988
0.1489562449
0.1555623043
0.1593490782
0.1380181601
0.1518941502
0.1249062700
0.1309822479
0.1574724445
0.1360134404
0.1684548297
0.1391668303
0.1834599359
0.1370566425
0.1820633592
0.1414140421
0.1663200840
0.1356850469
0.1519270402
0.1317301740
0.1790967404
0.1382797390
0.1837248762
0.1508795029
0.1600882806
0.1442856496
0.1291004442
0.1447014060
0.1429359414
0.1505979159
0.1603295391
0.1498499569
0.1593663988
0.1439588502
0.1403854308
0.1414473616
0.1268380270
0.1275115243
0.1486611353
0.1302520751
0.1580374612
0.1335403046
0.1691850709
0.1306627108
0.1691132503
0.1296604492
0.1554499643
0.1258113520
0.1430041051
0.1248343169
0.1650964014
0.1321752983
0.1694421256
0.1400570542
0.1532505935
0.1256434173
0.1180493036
0.1329625087
0.1347434293
0.1400570542
0.1538398105
0.1400570542
0.1511512895
0.1322923858
0.1330331485
0.1218522154
0.1199405914
0.1364102971
0.1531699471
0.1438949576
0.1636034719
0.1443728559
0.1749809182
0.1429198238
0.1733794722
0.1473908542
0.1561321386
0.1411516996
0.1437352161
0.1366046641
0.1726933784
0.1457866536
0.1762120869
0.1591289682
0.1595310579
0.1430126714
0.1290225290
0.1467383116
0.1413673103
0.1586991520
0.1595812115
0.1580735843
0.1586739221
0.1503017832
0.1394360461
0.1478321395
0.1260625291
0.4116906189
0.5773139077
0.4581469063
0.7915924353
0.5235366003
0.8680202373
0.4198666320
0.9608030939
0.4383414339
0.6320137630
0.4260994814
0.4201433636
0.4078342619
0.6236118287
0.4656918456
0.9251919356
0.6322019339
0.9210590415
0.3655474152
0.7386206768
0.4952612915
1.0382149249
0.6052142717
0.9210590415
0.6522209253
0.8666564520
0.5718768787
0.9241369325
0.3795487920
0.6975238095
0.1324974516
0.1534316195
0.1381020585
0.1662810015
0.1354386806
0.1807990050
0.1317852275
0.1756657229
0.1341586331
0.1581314759
0.1302249338
0.1468021786
0.1264692292
0.1741389113
0.1338677725
0.1783914983
0.1454916568
0.1610522878
0.1470562663
0.1331464345
0.1460392276
0.1462134200
0.1481766351
0.1625497944
0.1427096486
0.1595821211
0.1373952710
0.1420425141
0.1387520520
0.1289700526
0.1275818649
0.1526653713
0.1336435364
0.1640352186
0.1361236681
0.1734676316
0.1330022504
0.1699078601
0.1343152827
0.1558514163
0.1288118695
0.1464512313
0.1259427866
0.1633834062
0.1345448576
0.1741525419
0.1407978309
0.1637994197
0.1462151360
0.1328030657
0.1393965580
0.1459972929
0.1413877153
0.1640726180
0.1402128481
0.1612674904
0.1372054650
0.1440137437
0.1393401481
0.1294634247
