0.8385153929
0.8785028327
0.8661459519
0.9633140949
0.8909170485
1.0623634408
0.8654676462
1.0158230792
0.8542193454
0.9152146651
0.8646981997
0.8513377153
0.8453753919
0.9799160920
0.8937116444
1.0414130849
0.8912877592
0.9395072991
0.9038718236
0.7428366795
0.9060315510
0.8389925889
0.9085364045
0.9395924311
0.8746818458
0.9365488464
0.8793629136
0.8253866396
0.8864792199
0.7454466321
0.8785659924
0.9195421356
0.8771678322
0.9823077097
0.8964398190
1.0403778675
0.8450850083
0.9806002637
0.8351179596
0.8983173876
0.8471070357
0.8451168250
0.8786418130
0.9573119189
0.8700052276
1.0099821468
0.8689375779
0.9506749561
0.8475282563
0.7725723842
0.8896817066
0.8556471593
0.8671465404
0.9551571816
0.8552928422
0.9462346012
0.8552928422
0.8391082717
0.8545586183
0.7651406278
0.8310042314
0.8600082891
0.8557895456
0.9213655023
0.8820162121
0.9830837415
0.9112391650
0.9297678332
0.9087940599
0.8596980537
0.8527035638
0.8161054161
0.8551731822
0.9124480484
0.8974414947
0.9556827642
0.9235169745
0.9179834936
0.9021982801
0.7689776167
0.9004898004
0.8424943680
0.9192430239
0.9241667919
0.9278308536
0.9118823862
0.9087292380
0.8261845903
0.9171208489
0.7532505811
0.8088648214
0.8108176291
0.8276946039
0.8539548730
0.8354028585
0.9140248680
0.8431999542
0.9025821982
0.8511439668
0.8407263584
0.8373385824
0.8021677035
0.7944068243
0.8891792664
0.8383098122
0.9295315478
0.9267486100
0.8604899000
0.8951578387
0.7476441910
0.8671966510
0.8096558321
0.9192430239
0.8551121339
0.9343777707
0.8659357354
0.9089471506
0.7841354431
0.9171208489
0.7518207722
0.8141418428
0.7965518402
0.8244491326
0.8478865616
0.8423397855
0.9153010213
0.8355594870
0.9002223210
0.8257272629
0.8371267174
0.8111756855
0.8010343845
0.8008255597
0.8882669414
0.8507594394
0.9153010213
0.8941154941
0.8590333627
0.8264122908
0.7470013903
0.8363700106
0.8205553988
0.8949739838
0.8536986147
0.8729810985
0.8644352034
0.8580367652
0.8165322366
0.8680900238
0.7491951291
0.8139179213
0.8014321868
0.8160506798
0.8499930078
0.8285662404
0.9143808627
0.8336267006
0.8848934178
0.8088341588
0.8278127305
0.7892686657
0.7930274613
0.7950412491
0.8661143278
0.8422321215
0.9037696806
0.8820365852
0.8864250975
0.8736993138
0.7682617480
0.8690055435
0.8191283108
0.8666775199
0.8946651010
0.8979498518
0.8724754851
0.8808168457
0.8163000805
0.9004491529
0.7493554526
0.7736201217
0.8227431026
0.7717670632
0.8749363486
0.7890908024
0.9242792260
0.8440194052
0.8687566052
0.8216508530
0.8114411205
0.8014666448
0.7748148269
0.8087961407
0.8851112273
0.8190225406
0.8963500545
0.8025237281
0.8564233569
0.7830205153
0.7669270905
0.7868449517
0.8168999805
0.7907069301
0.8708251570
0.8146990793
0.8424135982
0.8005297953
0.8203747754
0.7926521707
0.7604448428
0.7741509418
0.8168125588
0.7741509418
0.8602656459
0.7977502647
0.9213268291
0.8299818264
0.8710124882
0.8021660256
0.8141261874
0.7575112403
0.7773038166
0.7939210493
0.8700886481
0.8198735387
0.9025447194
0.8134283785
0.8601935496
0.7957053955
0.7726008728
0.7957053955
0.8248487520
0.8018716964
0.8734537586
0.8253230445
0.8473299356
0.8209576751
0.8057762452
0.8166382420
0.7669975817
