0.8611636895
0.8971768636
0.8687464142
0.9726001841
0.8939987299
1.0409545430
0.9310866852
1.0400218502
0.8995041815
0.9811723293
0.8892712001
0.9291628847
0.8850344902
1.0361169670
0.9265212417
1.0433216192
0.9524158104
0.9518509088
0.8889254745
0.7863233913
0.9011386310
0.8658940287
0.9314382896
0.9499264448
0.9675962738
0.9528129670
0.9446203409
0.8785181726
0.9524610954
0.7744302769
0.7189685127
0.9483290009
0.7207515574
1.0131727812
0.7261541529
1.0900701825
0.7892593802
1.0592760548
0.8135629679
0.9812141672
0.8158468126
0.9149356241
0.7505973572
1.0667797729
0.7563928448
1.0761177753
0.7593573461
0.9735420991
0.7243443109
0.7529286640
0.7316383534
0.8510526109
0.7447627464
0.9723720273
0.7745353794
0.9714692735
0.7786858786
0.8592091227
0.7704288911
0.7495857160
0.6892632139
0.9381290436
0.6947706321
1.0147690363
0.7079700452
1.1305765043
0.7730070085
1.1278441969
0.7966134942
1.0220282394
0.7966134942
0.9365439185
0.7422147670
1.1111429737
0.7390604809
1.1358955232
0.7432721875
0.9603571930
0.7380150016
0.7402990864
0.7297564598
0.8475342004
0.7277206233
0.9635967881
0.7595029475
0.9583256038
0.7617207634
0.8475342004
0.7067452764
0.7402990864
0.7329555433
0.8796595179
0.7431132572
0.9360775604
0.7625970900
1.0141284038
0.8277735298
1.0202352612
0.8320070424
0.9597877665
0.8277021467
0.9032955097
0.7967823519
0.9867043561
0.7948029648
1.0190381473
0.7850517366
0.9665345020
0.7793150103
0.7594984258
0.7699378728
0.8660520010
0.7699378728
0.9665345020
0.8007708511
0.9654130096
0.7913333082
0.8631040231
0.7387865434
0.7594984258
0.3464680515
0.7003434396
0.2972949172
1.0156662619
0.2518238487
1.0473207159
0.3529696671
0.9685014324
0.4763607370
0.7055668816
0.4885756199
0.4734253174
0.2369268131
0.9293361603
0.2267214958
1.0069986033
0.2462045262
0.6117157479
0.2448396608
-0.7131461731
0.2024457336
-0.4799646418
0.2259036470
0.6184301010
0.3105553165
0.6085280095
0.3012478700
-0.4665186114
0.2894767832
-0.6394415540
0.2398807568
0.6928389198
0.2197596216
0.7865573188
0.2186996658
1.1234134283
0.4341259262
1.0136336516
0.4930539706
0.7335660484
0.5041372477
0.6015817841
0.3564188489
0.9656129019
0.2925602079
1.0662170669
0.2995366524
0.5413589602
0.2976825790
-0.5716478261
0.2439056893
-0.3572865693
0.2425633369
0.5413589602
0.3570453010
0.5417252437
0.3283190505
-0.3934098816
0.3315235142
-0.6783951823
0.7423818574
0.8847658616
0.7475125715
0.9510934439
0.7597645512
1.0328875844
0.8213024752
1.0432918535
0.8361166946
0.9824626781
0.8297028060
0.8933145764
0.7798505674
1.0150731523
0.7893359308
1.0412082248
0.7931949998
0.9249145638
0.7817293586
0.7568630828
0.7779807855
0.8297792043
0.7798505674
0.9187185415
0.8070040700
0.9311947281
0.8070040700
0.8378813876
0.7970919882
0.7616855928
0.3367727025
0.5095563222
0.2907287330
0.7307076388
0.2886719077
1.0003374797
0.5258593444
0.9806731756
0.5698399602
0.7347398001
0.5534030500
0.5412099119
0.3867335513
1.0147712621
0.4106182915
0.9923016627
0.3934796443
0.5079865173
0.2647586884
-0.6586408992
0.2848731856
-0.3229465252
0.3312011372
0.5062865413
0.4538066696
0.5082830094
0.4476859418
-0.3482456209
0.4290091185
-0.6146061378
