0.8730690086
0.9351964801
0.8804071260
0.9808074273
0.9110921723
1.0397428905
0.8924999284
1.0407282839
0.8947667191
0.9512357162
0.8989633196
0.9069111688
0.8947667191
1.0505963173
0.9204832152
1.0453529087
0.9712365153
0.9294196541
0.9347502686
0.7828046057
0.9392118229
0.8563478620
0.9631306587
0.9363162616
0.9528482734
0.9211665332
0.9426499773
0.8428449096
0.9305957881
0.7675989460
0.8226527253
0.9563752841
0.8574599407
1.0150907283
0.8698592219
1.1039401168
0.9008983862
1.0851777981
0.9060082423
0.9840379611
0.8741931133
0.9212245351
0.8447207501
1.1256317077
0.9080179904
1.0948788420
0.8302855917
0.9684753689
0.8812806879
0.7763903746
0.8841830733
0.8570045717
0.8199615639
0.9735435839
0.8394965359
0.9606824225
0.8980690895
0.8523377241
0.8560541591
0.7713646222
0.8068251233
0.9482773424
0.8378162888
1.0144117517
0.8572405561
1.1047704314
0.8442422105
1.0963604394
0.8710829430
1.0015566074
0.8357934486
0.9148836828
0.8114322022
1.0784958698
0.8517762465
1.1063658656
0.9293883371
0.9640295468
0.8887714853
0.7774250695
0.8913324639
0.8607405256
0.9276538158
0.9654823724
0.9230465342
0.9596824742
0.8867584648
0.8453817026
0.8712881843
0.7638011054
0.8262236718
0.9366762059
0.8439813447
0.9957540634
0.8652877569
1.0659923323
0.8466420998
1.0655398085
0.8401478457
0.9794509002
0.8152072359
0.9010326901
0.8088764387
1.0402306602
0.8564430620
1.0676119692
0.9075136872
0.9655932213
0.8141190859
0.7437987985
0.8615438704
0.8489842615
0.9075136872
0.9693057283
0.9075136872
0.9523660380
0.8572017422
0.8382082145
0.7895536139
0.7557153244
0.7834477638
0.9264675126
0.8264345522
0.9895759874
0.8291792743
1.0583938892
0.8208340482
1.0487073432
0.8465125989
0.9443846969
0.8106791480
0.8694003663
0.7845640757
1.0445574196
0.8372991642
1.0658407663
0.9139283251
0.9649434839
0.8213673017
0.7804088449
0.8427648391
0.8550777927
0.9114597536
0.9652468439
0.9078669190
0.9597589911
0.8632309913
0.8433963006
0.8490470414
0.7625049165
0.3665983364
0.7174386690
0.3944787478
0.9643949695
0.3671745002
1.3207908218
0.4563363742
1.4288441987
0.3834704415
0.8692741644
0.3055348798
0.6778725927
0.2624438410
1.1631764930
0.4163739667
1.3918348028
0.4799447770
0.8049150538
0.6481808020
-0.2577217840
0.5132644967
-0.0411898649
0.4096833741
0.8049150538
0.5580043992
0.7573725389
0.4796134010
-0.0707846557
0.6390204738
-0.3597765515
0.7983005592
0.8928055579
0.8320684599
0.9675750203
0.8160215397
1.0520540491
0.7940093907
1.0221839164
0.8083092203
0.9201536228
0.7846085810
0.8542294044
0.7619803638
1.0132995293
0.8065567776
1.0380449720
0.8765909805
0.9371495791
0.8860177925
0.7747677901
0.8798901087
0.8508034684
0.8927680437
0.9458634430
0.8598293091
0.9285948044
0.8278100470
0.8265333215
0.8359846876
0.7504657785
0.7646607657
0.8833994053
0.8009913397
0.9491911188
0.8158559868
1.0037718532
0.7971477977
0.9831732062
0.8050174451
0.9018354808
0.7720327869
0.8474412342
0.7548369647
0.9454194014
0.8063934002
1.0077350922
0.8438705393
0.9478266664
0.8763391093
0.7684660133
0.8354720233
0.8448145158
0.8474060066
0.9494075309
0.8403644501
0.9331756371
0.8223397267
0.8333366924
0.8351339310
0.7491411540
