0.8559497427
0.9234191671
0.8692519096
0.9711690136
0.8876521871
1.0353988222
0.8844469367
1.0024757854
0.8844469367
0.9271841245
0.8654169273
0.9012378917
0.8337639845
1.0082806688
0.8971810602
1.0276575117
0.9323201335
0.9101963056
0.8579974259
0.7527081176
0.8699140795
0.8439586311
0.9155511958
0.9118124396
0.9177446611
0.9081944922
0.8568293390
0.8192024122
0.8326765248
0.7381831610
0.8148100998
0.9348773919
0.7978855922
0.9798377235
0.7737772767
1.0240082874
0.7304911331
1.0028834103
0.7212713347
0.9426019049
0.7138619441
0.9156563847
0.7304911331
1.0042795856
0.7519532546
1.0269650605
0.7593903183
0.9396140734
0.7790079260
0.7885230426
0.7763837915
0.8674567522
0.7711882048
0.9432653524
0.7469854302
0.9335910223
0.7351539417
0.8587289171
0.7518589899
0.7991571459
0.7148176059
0.8975096463
0.7140122664
0.9478870025
0.7322486197
0.9996292417
0.7696796428
1.0080383598
0.7550586144
0.9439025312
0.7572372998
0.8975096463
0.7403525201
0.9832249947
0.7556851935
1.0038161900
0.7528503747
0.9049758688
0.7304274769
0.7882339078
0.7165616487
0.8401878094
0.7403525201
0.9096652076
0.7657774258
0.9003346292
0.7251489826
0.8560893181
0.7514409261
0.7746924148
0.7241807893
0.9060600621
0.7163180062
0.9410783635
0.7277924353
0.9898225262
0.7813588903
1.0035007891
0.8003157031
0.9320534869
0.7875772507
0.9012763624
0.7432162058
0.9844550625
0.7541526637
0.9952488399
0.7545497361
0.9081969850
0.7432162058
0.7978839861
0.7404358219
0.8585691136
0.7404358219
0.9118210369
0.7692121744
0.9012763624
0.7303717305
0.8464613190
0.7470323774
0.7899079801
0.7006320348
0.9004621028
0.7108404470
0.9401393102
0.7213507366
0.9941624934
0.7758396482
0.9969036202
0.7947986927
0.9280157889
0.7893867501
0.9012814297
0.7349338975
0.9752189129
0.7476036547
0.9982598478
0.7461743730
0.9087120536
0.7240270524
0.7699693692
0.7267233012
0.8133174800
0.7321764951
0.9087120536
0.7607179105
0.9059632703
0.7577640247
0.8421777705
0.7548329902
0.7559551709
0.6997027179
0.8905013700
0.7098067529
0.9458190575
0.7211448840
1.0159670352
0.7771403796
1.0086459214
0.7960183353
0.9280963916
0.7896245963
0.8850107025
0.7309163004
0.9857416010
0.7486188287
1.0157084098
0.7176072708
0.8996953156
0.7228547035
0.7846357890
0.7255220707
0.8494998387
0.7049744899
0.9019955116
0.7307010586
0.8951299397
0.7571394745
0.8463281326
0.7533199232
0.7737199591
0.6876088458
0.8939194024
0.7004219805
0.9428744265
0.7137217112
1.0095800587
0.7723865342
1.0087432552
0.7919141035
0.9361325515
0.7820284350
0.8877457022
0.7285477722
0.9811101458
0.7418962119
1.0126762816
0.7375290658
0.9101529670
0.7137217112
0.7889343195
0.7164424974
0.8469949737
0.7219467795
0.9146962390
0.7537988376
0.9056546045
0.7537988376
0.8444419410
0.7507875192
0.7738649339
0.7134271276
0.9077948497
0.7209506726
0.9656758602
0.7312324235
1.0406404147
0.7843666364
1.0165740131
0.8027878071
0.9460737174
0.7965520240
0.9039032092
0.7472169398
1.0091758883
0.7582672662
1.0284664430
0.7554741563
0.9329588530
0.7445044998
0.8038565142
0.7418116813
0.8673819418
0.7418116813
0.9358412360
0.7696493374
0.9300941709
0.7639159069
0.8580293240
0.7554741563
0.7918577194
