0.7950803453
0.8544254224
0.7029727650
0.8544254224
0.6694366979
1.0365601344
0.6921373655
1.0318438107
0.7327998889
0.9696558194
0.7844318812
0.9396091228
0.7424934227
1.0461683763
0.6805977947
1.0444742052
0.7074025151
0.8125809420
0.7983788031
0.6925649766
0.8460111025
0.7802479434
0.6942776406
0.7975580694
0.7210331861
0.8281806236
0.8217556435
0.8313727117
0.8157840255
0.7110578551
0.8003007514
0.9449484438
0.7723696692
0.9249561798
0.7347590154
1.0585358079
0.7617356169
1.0496753589
0.7983759818
0.9733496375
0.8303277629
0.9406284945
0.7796255364
1.0507907229
0.7480041690
1.0626539370
0.7851575366
0.8645124092
0.8822186797
0.7158571492
0.8872191750
0.8272708962
0.7741709448
0.8533593923
0.7964604483
0.8759608163
0.9150106165
0.8708354206
0.8935269307
0.7715208296
0.7232095096
0.6269433217
0.6975983621
0.7193523426
0.7018865744
1.0535572675
0.7357742786
1.1054201526
0.7406869991
0.8205771244
0.7483063188
0.5461974711
0.7655092703
1.1649668274
0.7166793160
1.0791157615
0.6128103132
0.5560831947
0.5923759514
-0.3356099840
0.6260434006
0.1168466616
0.6121842998
0.5384359865
0.6135232870
0.5720797182
0.6631722357
0.1214980543
0.6703852110
-0.3483132733
0.7119420818
0.5070222589
0.6544869459
0.7163636168
0.6277187900
1.0120246711
0.6503836478
1.0863004163
0.7047152453
0.8097747369
0.7432615411
0.5625830438
0.6490039735
1.1183117937
0.6374393993
1.0483925802
0.6530200035
0.5287761606
0.6909960728
-0.3607651936
0.7131297297
0.1025366562
0.6519120448
0.5139731261
0.6531942076
0.5438451077
0.8016839627
0.1211648125
0.7837039981
-0.3972196196
0.7510959818
0.6194363936
0.7139490987
0.8898989417
0.7375012396
1.2167114407
0.7419585403
1.2037525681
0.6814494831
0.8938615616
0.6992121976
0.6075584713
0.8304347548
1.1840496173
0.7819095509
1.2368780361
0.7140804515
0.6297752987
0.7063829445
-0.3571740368
0.7134670259
0.1255734945
0.6975681172
0.6304610244
0.7196689050
0.6276651599
0.7353789768
0.0987623780
0.6934978374
-0.3263494506
0.7745890393
0.6526727835
0.7269979207
0.9133505563
0.7506704583
1.2215625964
0.8269039659
1.2012285567
0.7820085013
0.8913286505
0.7450660347
0.6111178249
0.7860948000
1.1775985138
0.8082875097
1.2468688093
0.7606819444
0.6333149368
0.6819522741
-0.3641748580
0.7065835640
0.1186964335
0.7383088148
0.6357430315
0.7878121048
0.6309964306
0.7694506312
0.1032312791
0.8067498742
-0.3399340559
0.7613148826
0.6566509764
0.7393291950
0.9469560948
0.7381264810
1.2215625964
0.8547899187
1.2239128128
0.7997454778
0.8793899462
0.7461524944
0.6266082810
0.7722140767
1.2104873609
0.7991226731
1.2537374852
0.7363355362
0.6349998483
0.6215806196
-0.3672477599
0.7033948036
0.1070889037
0.7244825743
0.6304610244
0.7502852855
0.6394285297
0.7006140363
0.0987623780
0.6377325532
-0.4164895260
0.8778488345
0.9386102162
0.8450654199
0.9834917475
0.8884539503
1.0383841439
0.9533679144
1.0416263921
0.9333405746
0.9896329575
0.9252997888
0.9434752051
0.9349402607
1.0602093018
0.9218645324
1.0428750342
0.8817959502
0.9469573215
0.8546438317
0.8259068160
0.8752369969
0.8896249924
0.8674939102
0.9469573215
0.8965774800
0.9450818712
0.9189846409
0.8964966268
0.9203114753
0.8256133205
