0.3412922031
0.5905291423
0.3008349872
0.6401145288
0.3808886567
0.6433939438
0.6219902041
0.7481771992
0.4947220851
0.8877717310
0.5047264550
0.4993966358
0.6015640844
0.7715379613
0.6847721743
0.6922221910
0.6836550134
0.8647186145
0.4839051696
0.6384111888
0.4324397792
1.5584634615
0.5075090880
0.8925038386
0.6906564484
0.8386111647
0.7372841711
1.4278982829
0.6656245384
0.6801618775
0.0951559924
0.1040760370
0.0953847538
0.1112305096
0.0971928354
0.1162143806
0.1011724614
0.1201425979
0.0952094117
0.1119501787
0.0965749692
0.1024654248
0.0988117392
0.1138023300
0.1020404221
0.1190531216
0.0980930887
0.1052437830
0.0953753024
0.0886544806
0.0989830819
0.0985501721
0.0993546613
0.1041159215
0.0963014602
0.1063963477
0.0995911828
0.0993271930
0.0979661538
0.0879188000
0.1106125003
0.1239990218
0.1097876540
0.1342731523
0.1108488200
0.1425757242
0.1208991838
0.1434452270
0.1185546502
0.1344273226
0.1165926284
0.1220425611
0.1147796968
0.1328832602
0.1158235047
0.1425757242
0.1143338347
0.1332699022
0.1146615515
0.1028034899
0.1143338347
0.1176217104
0.1120912412
0.1323109669
0.1166679947
0.1332719925
0.1159914232
0.1176431784
0.1140079859
0.1023071369
0.3891580023
0.4444868574
0.3830347586
0.7610402830
0.3991370333
0.7263151566
0.3324319325
0.6201711676
0.3573970176
0.5883676935
0.4091146755
0.3914670592
0.2980564295
0.4094945726
0.3627433681
0.6559943391
0.5114360321
0.9213188638
0.5072235512
0.6705724691
0.4962800149
1.1106159023
0.5130779934
0.9139052345
0.4819754408
0.9214481164
0.4748818225
1.1606656048
0.5042762968
0.8462464028
0.3815289225
0.4693140815
0.4023474246
0.5718132340
0.4704061666
0.6163555460
0.3421242763
0.5754314407
0.3218562696
0.5344028414
0.3491744195
0.3864785155
0.3411738079
0.4026529458
0.4293071481
0.5953669789
0.5075236769
0.7597735975
0.4438599910
0.6981066141
0.4771887331
0.8570884319
0.5262078764
0.7854982520
0.4819715379
0.7568301587
0.4404320667
0.9800330855
0.4447907446
0.5704994420
0.1024702218
0.1128934263
0.1008383481
0.1211808470
0.1033172230
0.1313597051
0.1132442446
0.1282703390
0.1111573036
0.1173057503
0.1097123838
0.1095228614
0.1049027058
0.1225300730
0.1080532100
0.1298350973
0.1092655150
0.1221709542
0.1082437336
0.0985787265
0.1074152665
0.1111556875
0.1066589887
0.1225445098
0.1118432299
0.1217996691
0.1137660292
0.1111556875
0.1112594125
0.0985787265
0.3317062529
0.4510853517
0.3161121976
0.6365270177
0.3465881130
0.5509682177
0.5099178163
0.4862974696
0.4231540880
0.5521574392
0.4530543395
0.5387800401
0.3707705381
0.4469988757
0.5314721778
0.5166168194
0.3956893560
0.6803984272
0.4509795519
0.6047995740
0.4595111641
0.8516472047
0.3606745465
0.6918257879
0.3931773026
0.6643645434
0.3357249327
0.8603896251
0.2687624870
0.5472077847
0.0895902312
0.1047138225
0.0869410313
0.1115745498
0.0886205052
0.1163526234
0.1007048465
0.1147613199
0.1016120641
0.1074683581
0.1000292373
0.1028283692
0.0917158537
0.1132605132
0.0940893393
0.1157989693
0.0979878190
0.1101739288
0.0953442084
0.0892225429
0.0949715687
0.1006905428
0.0950190042
0.1103719484
0.1011358132
0.1097800731
0.1035185200
0.1002318395
0.1031549949
0.0884774439
