0.8432560275
0.9188889231
0.8429057274
0.9619358216
0.8615984396
1.0390172419
0.8609342829
1.0012590028
0.9162030894
0.9244431538
0.8815659660
0.9073989254
0.8296655391
1.0311304688
0.8956533565
1.0302596906
0.8985808412
0.9024071764
0.8444022135
0.7584972940
0.8632918496
0.8396039438
0.8823030861
0.9095891647
0.9154705074
0.8953377156
0.8780823432
0.8273330343
0.8241885336
0.7481511708
0.8692643368
0.9465336214
0.8762186521
0.9887542847
0.8916979610
1.0283526321
0.9273929587
1.0235755029
0.9062735768
0.9636448834
0.9068783907
0.9365611209
0.8720224525
0.9980748832
0.9273929587
1.0259585066
0.9219498379
0.9425693725
0.8732347317
0.8413792299
0.8847575483
0.9008645884
0.9027810030
0.9448654607
0.9415051805
0.9402844166
0.8966352830
0.8875905643
0.8789039234
0.8356083998
0.6383072276
0.9216662008
0.6493548387
0.9532625377
0.6367596096
1.0272133638
0.6383072276
1.0122557793
0.6336867788
0.9186213869
0.6144142900
0.8920972174
0.6414251423
1.0250602303
0.6352194781
1.0215527534
0.6306434629
0.8920972174
0.6321614581
0.7781653755
0.6261329059
0.8485203662
0.6261329059
0.8978582523
0.6352194781
0.8864096415
0.6306434629
0.8517482346
0.6291327404
0.7712725616
0.6754915565
0.9464990617
0.6738318667
0.9793255529
0.6721803126
1.0314682946
0.7032041243
1.0109448236
0.6890693212
0.9536720412
0.6771594423
0.9242458169
0.7086553377
1.0286042625
0.6873423247
1.0241318143
0.6873423247
0.9220194389
0.6672738712
0.7907593235
0.6705368347
0.8617720539
0.6771594423
0.9222692331
0.6978361359
0.9175451905
0.7014056422
0.8541262396
0.7014392992
0.7942303853
0.6011277793
0.9110801420
0.6082551614
0.9659584644
0.6215196532
1.0257788498
0.6501416533
1.0127468454
0.6469206299
0.9432089827
0.6282453788
0.8960699539
0.6222576183
1.0364484467
0.6351208599
1.0192211917
0.6305206058
0.9211816796
0.6193063368
0.8117873113
0.6207784698
0.8771049052
0.6237438325
0.9233380041
0.6374462515
0.9190354033
0.6282453788
0.8583985477
0.6328123725
0.7970855016
0.6063647689
0.9211816796
0.6106181059
0.9661060574
0.6222576183
1.0174443137
0.6498633746
1.0050853828
0.6515140180
0.9364909690
0.6312826814
0.8940389700
0.6230292841
1.0284256015
0.6358941030
1.0114618340
0.6312826814
0.9211176211
0.6282453788
0.8066162154
0.6230292841
0.8766647926
0.6252371630
0.9231759919
0.6374462515
0.9141168722
0.6291418629
0.8538403935
0.6338055923
0.7952063220
0.5955450210
0.9255044474
0.6082551614
0.9605125853
0.6245462664
1.0093765566
0.6498633746
0.9915727603
0.6515140180
0.9211652410
0.6322433522
0.9026824777
0.6245462664
1.0310860469
0.6369533488
1.0003954522
0.6330235084
0.8978704723
0.6322433522
0.8050876962
0.6230292841
0.8622923137
0.6260706540
0.9038856820
0.6401325276
0.8919347938
0.6260706540
0.8557294136
0.6338055923
0.7954753017
0.7234153409
0.9276810809
0.7029463728
0.9614451990
0.7122287104
0.9904288062
0.7597507661
0.9574784313
0.7928125495
0.9133135116
0.7997732347
0.8920096347
0.7067032158
0.9469740430
0.7372059842
0.9736793602
0.7627903694
0.9120130769
0.7402174149
0.8070381197
0.7491975895
0.8690698530
0.7512571680
0.9153243109
0.7746832041
0.9065472725
0.7681506182
0.8665364901
0.7703158708
0.8050876962
