0.2858061158
0.4554162445
0.2947638212
0.6647971189
0.3056209988
0.8657648862
0.3070689983
0.7454961527
0.3046461636
0.6065965357
0.2997886735
0.4462447618
0.2913609153
0.5049988357
0.3066262280
0.8022542679
0.3193461604
1.6682938788
0.3354167825
0.9577943918
0.3311902697
1.2749349614
0.3195786506
1.4633941821
0.3184323076
1.6679752316
0.3230017940
1.0407602913
0.3274462320
0.9415991538
0.2699793259
0.7276774696
0.2893539684
0.9889156862
0.2936660195
0.9309963302
0.3314386366
0.9862764723
0.2945001948
1.1187352977
0.2815432873
0.6829417619
0.2861284196
0.7566622629
0.3130533619
0.9743241726
0.3023823273
1.3472853580
0.3074646991
0.7242485624
0.3052254932
1.1693989837
0.3159537918
1.3674130254
0.2877453800
1.3249731397
0.3162643288
1.0847109073
0.2926951227
0.8469821137
0.1081283376
0.1457683526
0.1069630828
0.1565191013
0.1081283376
0.1697718717
0.1120971910
0.1690381428
0.1124145895
0.1553161243
0.1130548094
0.1411464989
0.1146877238
0.1668395866
0.1100770014
0.1706490289
0.1089428205
0.1543033535
0.1069630828
0.1228676970
0.1078346502
0.1360782632
0.1079094001
0.1540705741
0.1099246140
0.1540100568
0.1120971910
0.1355509269
0.1093192605
0.1219002925
0.1179303451
0.1402297908
0.1132938637
0.1558292323
0.1165739317
0.1746286688
0.1082812306
0.1764968857
0.1071126960
0.1518553721
0.1079867132
0.1356438509
0.1116302306
0.1751376146
0.1127396971
0.1763419581
0.1121030310
0.1548282802
0.1125798535
0.1232049590
0.1138714384
0.1360330794
0.1137434702
0.1538912102
0.1097782483
0.1537179028
0.1094755425
0.1360308966
0.1097782483
0.1230352865
0.1100185158
0.1435038402
0.1109408021
0.1528699716
0.1091114375
0.1668303412
0.1059096969
0.1684351079
0.1050688472
0.1520648422
0.1042412438
0.1405873101
0.1031578427
0.1669968881
0.1074867297
0.1691767660
0.1091114375
0.1475911484
0.1103242360
0.1184319802
0.1068382035
0.1312355503
0.1091114375
0.1478570973
0.1091114375
0.1473261545
0.1076324283
0.1299834781
0.1103242360
0.1163299625
0.1053625290
0.1331200887
0.1062081048
0.1413645525
0.1067794027
0.1481952741
0.1141474497
0.1460504257
0.1164919353
0.1351033925
0.1168347468
0.1270870463
0.1076479671
0.1418703035
0.1103405617
0.1471342309
0.1114244164
0.1409756424
0.1115809934
0.1168687758
0.1097306310
0.1284757664
0.1094281873
0.1413645525
0.1134948307
0.1404712194
0.1144765819
0.1280556078
0.1135897842
0.1165660945
0.1010180633
0.1173786388
0.1005080506
0.1244024787
0.0997526149
0.1314398064
0.0936521029
0.1301406422
0.0925634778
0.1217190593
0.0919223668
0.1146530056
0.0943176563
0.1284478538
0.0966061455
0.1307869981
0.0977925469
0.1270189701
0.0989462209
0.1060884574
0.0977925469
0.1157278785
0.0992552685
0.1266267939
0.0963723112
0.1274135831
0.0963723112
0.1156373594
0.0989462209
0.1056728123
0.1056166780
0.1394988947
0.0992349050
0.1480461586
0.1003578708
0.1545538837
0.1079315485
0.1519447501
0.1056405740
0.1383940483
0.1062041511
0.1288818459
0.1076682694
0.1465036404
0.1042509760
0.1532382115
0.1061222109
0.1462018720
0.1066956974
0.1169135593
0.1058688410
0.1299315425
0.1038846200
0.1464625232
0.1067737737
0.1459421469
0.1072722671
0.1321231267
0.1064097306
0.1191119191
