0.4514082166
0.6443843856
0.4979789818
0.8258280246
0.5461355687
1.2114134405
0.7071562635
1.1120608397
0.5982911192
0.7373120126
0.4300720419
0.6289535546
0.4539447928
1.2085206508
0.6137456156
1.2169614268
0.6518566372
0.2418519638
0.4433413325
-0.6280210143
0.5051295101
-0.3998561473
0.6129100425
0.2634182298
0.6976935856
0.2520926477
0.5730074188
-0.4674168197
0.4855499655
-0.4519719140
0.7523791969
0.9602951383
0.7742519192
0.9915217302
0.8039777839
1.1050155304
0.8898345200
1.0969233087
0.8530139907
0.9858847685
0.8003761837
0.9277549849
0.8454116806
1.1305766059
0.8447301791
1.1134377336
0.8373839222
0.9681681875
0.7895615855
0.7536007218
0.8161452131
0.8385626238
0.8161452131
0.9681681875
0.8597575642
0.9622271923
0.8536751855
0.8393412238
0.7925731021
0.7499582211
0.7745994384
0.9414892511
0.7556244408
1.0003722764
0.7724441752
1.1005635183
0.8179625297
1.1067497689
0.8033826303
0.9826338327
0.7699943866
0.9227681155
0.7945519717
1.1801143297
0.7945519717
1.1126629797
0.7900297505
0.9608386709
0.7703008723
0.7406105862
0.7724441752
0.8251542067
0.7789462490
0.9632419338
0.8014332156
0.9492442028
0.7991262623
0.8242553133
0.7991262623
0.7300766437
0.8085391016
0.9508025523
0.8303944324
1.0085914945
0.8544570750
1.0514653445
0.8285404427
1.0583187518
0.7733189558
0.9897292469
0.7532379001
0.9522038187
0.8055317422
1.0850312785
0.8456499595
1.0589103150
0.9014982898
0.9689863340
0.8342599788
0.7822444736
0.8727245802
0.8555365958
0.9030162686
0.9675834902
0.9014982898
0.9594864095
0.8654433499
0.8567899942
0.8409175127
0.7777897941
0.7621215692
0.8633241328
0.7548323271
0.9228494409
0.8028231297
0.9977456241
0.8026856506
0.9949148005
0.7790184057
0.9137913846
0.7513785251
0.8560660265
0.7831595232
0.9686302030
0.8217174715
0.9992474103
0.8412014261
0.9373853678
0.8173723782
0.7840515885
0.8224602022
0.8474737666
0.8249106395
0.9445144086
0.8581486145
0.9287061744
0.8269733333
0.8554086667
0.8367226067
0.7736952043
0.7802691350
0.9127592345
0.7958059778
0.9671284597
0.8170233333
1.0407951558
0.8190078861
1.0154733556
0.7896875042
0.9423154267
0.7648847589
0.8991312445
0.7965940520
1.0231003139
0.8396132901
1.0494205125
0.8530420827
0.9469387912
0.8242185541
0.7805445883
0.8300895920
0.8539240315
0.8376019415
0.9489107980
0.8494710990
0.9366919048
0.8468018884
0.8499666367
0.8392905455
0.7707732587
0.6236171147
0.8867364309
0.6413640903
0.9386922764
0.6428195080
1.0016927835
0.6531953688
0.9831002348
0.6592762211
0.8942504072
0.6462663735
0.8425488818
0.6271643641
0.9582763264
0.6479659040
0.9921654003
0.6585099302
0.8584312312
0.6782176035
0.7431681173
0.6516926426
0.8163675550
0.6562217083
0.8642575108
0.6608141658
0.8526829798
0.6506975229
0.8123042822
0.6654713554
0.7328528729
0.5870013438
0.8625173630
0.5931804950
0.9005528481
0.5944319691
0.9625931845
0.6020531293
0.9542364617
0.6085549877
0.8715005567
0.5969508265
0.8298800440
0.5833552627
0.9099675614
0.5982182772
0.9594916157
0.6098722478
0.8326279479
0.6192551985
0.7126957598
0.6046371291
0.7898479837
0.6059374648
0.8352891929
0.6138584676
0.8292350826
0.6247476616
0.7856285509
0.6445520186
0.6948998665
