0.5921011736
0.5977679417
0.5696809045
0.9771621659
0.7590946240
1.0328194213
0.8005030643
1.0907614450
0.5842461762
0.7733934918
0.4570431144
0.5286010521
1.0229017953
0.7741738747
0.9752435977
1.0723597313
0.7279285191
1.7162245813
0.7621575698
1.0366062679
0.7935922086
1.4056118343
0.7479032711
1.6988432123
0.7075395503
1.7178721202
0.7602700562
1.4689488820
0.6561694628
1.0241762436
0.5825775377
0.6667525712
0.6292561951
1.1968382993
0.8236557089
1.4952305437
0.6961863358
1.4066061890
0.5536351206
1.2089316950
0.4843494436
0.6660617238
0.8233672573
0.9975005417
0.8251034168
1.5041217404
0.6880315651
1.4725479952
0.7625901439
1.0928101143
0.8307811992
1.3813083637
0.7134094203
1.3887870611
0.6643972037
1.5670610421
0.5790950309
1.4425702816
0.4812323126
0.9014908950
0.3705644838
0.4983268524
0.3349812087
0.6934657357
0.3440997184
0.7668904208
0.3178821424
0.8433538156
0.3065769630
0.8474236111
0.3796323723
0.4886145391
0.3629007123
0.7280746067
0.3482986067
0.8375738167
0.3598299501
0.8422707339
0.3514714457
0.6819655930
0.3844184992
0.7816108340
0.3788881163
0.8096216449
0.3389901461
0.8704870809
0.3478449297
0.9680879434
0.3237046657
0.9028698833
0.3426042973
0.4445845886
0.2942786588
0.6498015896
0.3338394088
0.7267542155
0.3464999957
0.6387339085
0.3775267055
0.5497721683
0.3326791168
0.4575890623
0.3703735625
0.5155191621
0.3476972053
0.7204207809
0.3654759439
0.9000237243
0.4040879291
0.8518315846
0.3798163511
0.9429304019
0.3580472935
0.9035728419
0.3732193800
0.8965023784
0.3808973031
0.9716395941
0.3845668646
0.8811555477
0.3846164460
0.3757666871
0.4128761303
0.5020418304
0.3700737199
0.6919693118
0.3126826323
0.6406310083
0.2761453740
0.5533835743
0.2840180985
0.3752620566
0.3654873344
0.4547546736
0.3530439264
0.7021759156
0.3742251138
0.9547281133
0.3682991568
0.9941602164
0.3838300522
1.0073256032
0.3920972742
0.9658730675
0.3367506186
0.9249257489
0.3641457325
0.9665035153
0.3781970290
0.8400073404
0.1537069634
0.3212449928
0.1373569420
0.4266913777
0.1315529692
0.6217241992
0.1365877018
0.5834568836
0.1420888413
0.3959469721
0.1487102540
0.2869153849
0.1441899802
0.4310862754
0.1340230682
0.6064506565
0.1300654122
0.9254415208
0.1370237541
0.4980046980
0.1351249028
0.6707077279
0.1280581503
0.9294357013
0.1321366022
0.8950365362
0.1392839747
0.8251287831
0.1458070718
0.5812560836
0.2973567016
0.3671150100
0.2526322977
0.4932609219
0.2702115077
0.6984470567
0.2256120397
0.6870552034
0.2056148969
0.5443692487
0.2367674408
0.3591847076
0.2866224319
0.4629223243
0.2594462038
0.7058135328
0.2062476349
0.9950012390
0.2518918794
0.5266194912
0.2571576914
0.7153971521
0.2221835811
1.0159184654
0.1924446879
0.9700594510
0.2082638143
0.8501266101
0.1844221348
0.6006364085
0.3245394352
0.3912157553
0.2731098464
0.5416834315
0.2774895589
0.5954809620
0.2672130907
0.6466840993
0.2725335838
0.5320091627
0.2987139431
0.3781286500
0.2988166429
0.4223904202
0.2722543859
0.6168416418
0.2891278441
1.0291646325
0.3306707544
0.6060187506
0.3139326447
0.7603908638
0.2863080781
1.0504603210
0.2920037048
0.9599549375
0.3040324624
0.8418349686
0.3204394441
0.6946838595
