0.4416885990
0.7043669735
0.4649239306
0.9666920893
0.4821141830
1.1099637650
0.6252048841
1.0129024204
0.4692351378
0.8390738121
0.4863427146
0.5702735708
0.5857985492
0.7744528095
0.5609695405
1.1339134229
0.5199113522
1.4026284607
0.4106137082
0.8610256065
0.6449669286
1.2776519697
0.4800554116
1.3891900791
0.5672387873
1.3216657596
0.6623566831
1.3297033494
0.3932281682
0.7737067044
0.1514012696
0.1696737813
0.1558027176
0.1751911829
0.1617844535
0.1952443118
0.1790614049
0.1938145036
0.1716520096
0.1741951926
0.1610597034
0.1639242876
0.1701221967
0.1997606778
0.1699850582
0.1967324242
0.1685067708
0.1710648641
0.1588834818
0.1331531099
0.1642329053
0.1481649605
0.1642329053
0.1710648641
0.1730090189
0.1700151544
0.1717850618
0.1483025307
0.1594894893
0.1325095193
0.1392649669
0.1830951561
0.1358534586
0.1945463720
0.1388774728
0.2140309610
0.1470612022
0.2152340257
0.1444398871
0.1910967064
0.1384370262
0.1794543825
0.1428522260
0.2295015234
0.1428522260
0.2163839913
0.1420391774
0.1868581147
0.1384921292
0.1440294838
0.1388774728
0.1604710177
0.1400464785
0.1873254867
0.1440894024
0.1846032924
0.1436746361
0.1602962063
0.1436746361
0.1419809062
0.1198111214
0.1473502955
0.1230496929
0.1563061167
0.1266153488
0.1629504768
0.1227749646
0.1640125812
0.1145921219
0.1533829465
0.1116164665
0.1475674563
0.1193654842
0.1681523457
0.1253102908
0.1641042585
0.1335860206
0.1501683207
0.1236224982
0.1212280657
0.1293222683
0.1325864869
0.1338109580
0.1499509155
0.1335860206
0.1486960732
0.1282433194
0.1327807319
0.1246090264
0.1205377033
0.1129328683
0.1337933578
0.1118527322
0.1430182717
0.1189641160
0.1546252817
0.1189437440
0.1541865758
0.1154366791
0.1416145026
0.1113409401
0.1326685353
0.1160503191
0.1501131295
0.1217639216
0.1548580205
0.1246510973
0.1452709720
0.1211200560
0.1215081228
0.1218739811
0.1313369528
0.1222370923
0.1463757926
0.1271623693
0.1439259170
0.1225427469
0.1325666612
0.1239874159
0.1199031457
0.1160715615
0.1443976452
0.1183827968
0.1529988051
0.1215390560
0.1646528065
0.1218342748
0.1606469218
0.1174726227
0.1490734068
0.1137830068
0.1422417101
0.1185000295
0.1618534993
0.1248995010
0.1660173298
0.1268971463
0.1498048187
0.1226094053
0.1234814136
0.1234827713
0.1350899719
0.1246002961
0.1501167883
0.1263659326
0.1481837710
0.1259688652
0.1344639158
0.1248514901
0.1219355985
0.1120425081
0.1724295579
0.1152310281
0.1825325864
0.1154925165
0.1947832950
0.1173567012
0.1911678972
0.1184492208
0.1738906816
0.1161117995
0.1638371066
0.1126798266
0.1863407858
0.1164171465
0.1929306560
0.1183115447
0.1669254950
0.1218523346
0.1445121069
0.1170867130
0.1587460396
0.1179004301
0.1680584391
0.1187255365
0.1658077238
0.1169079243
0.1579559194
0.1195622730
0.1425062651
0.1054639157
0.1677200602
0.1065740962
0.1751162172
0.1067989430
0.1871802166
0.1081682029
0.1855552174
0.1093363628
0.1694668793
0.1072514949
0.1613735988
0.1048088405
0.1769469471
0.1074792121
0.1865771038
0.1095730291
0.1619079401
0.1112588220
0.1385866313
0.1086324586
0.1535891995
0.1088660841
0.1624254302
0.1102892154
0.1612481834
0.1122456284
0.1527687134
0.1158037889
0.1351261464
