0.1395840158
0.1414504218
0.1395260306
0.1480769050
0.1426202319
0.1599425387
0.1425102941
0.1541301726
0.1516589295
0.1423054199
0.1459254528
0.1396816933
0.1373343847
0.1587284775
0.1482573360
0.1585944331
0.1487419220
0.1389132816
0.1397737437
0.1167603173
0.1429005417
0.1292455802
0.1460474682
0.1400188508
0.1515376654
0.1378250345
0.1453488094
0.1273566410
0.1364277770
0.1151676726
0.1073498630
0.0909560318
0.1082086867
0.0950131766
0.1101203050
0.0988183331
0.1145284614
0.0983592805
0.1119203218
0.0926003183
0.1119950133
0.0899977361
0.1076904767
0.0959088285
0.1145284614
0.0985882724
0.1138562628
0.0905750919
0.1078401872
0.0808513446
0.1092631983
0.0865675199
0.1114890061
0.0907957318
0.1162712513
0.0903555218
0.1107300400
0.0852919682
0.1085403044
0.0802968035
0.0948190466
0.1235419387
0.0964601434
0.1277771735
0.0945891516
0.1376896867
0.0948190466
0.1356847429
0.0941326897
0.1231338059
0.0912698066
0.1195784544
0.0952822055
0.1374010765
0.0943603686
0.1369309274
0.0936806123
0.1195784544
0.0939061069
0.1043068077
0.0930105796
0.1137373281
0.0930105796
0.1203506748
0.0943603686
0.1188160806
0.0936806123
0.1141699979
0.0934561980
0.1033828814
0.0961304490
0.1128039821
0.0958942555
0.1167162511
0.0956592198
0.1229306354
0.1000742757
0.1204846433
0.0980627258
0.1136588595
0.0963678089
0.1101518351
0.1008500479
0.1225892994
0.0978169537
0.1220562719
0.0978169537
0.1098864949
0.0949609751
0.0942428833
0.0954253334
0.1027061973
0.0963678089
0.1099162654
0.0993103473
0.1093532529
0.0998183304
0.1017949673
0.0998231201
0.0946565652
0.0855476028
0.1085827469
0.0865619137
0.1151231583
0.0884496080
0.1222525660
0.0925228576
0.1206994086
0.0920644678
0.1124118697
0.0894067584
0.1067938291
0.0885546291
0.1235241711
0.0903852208
0.1214710228
0.0897305501
0.1097866505
0.0881346268
0.0967490038
0.0883441288
0.1045335701
0.0887661350
0.1100436418
0.0907161515
0.1095308568
0.0894067584
0.1023041420
0.0900566957
0.0949968387
0.0862928884
0.1097866505
0.0868981886
0.1151407485
0.0885546291
0.1212592540
0.0924832552
0.1197863137
0.0927181613
0.1116112153
0.0898390025
0.1065517760
0.0886644463
0.1225680065
0.0904952624
0.1205462607
0.0898390025
0.1097790160
0.0894067584
0.0961327114
0.0886644463
0.1044811174
0.0889786536
0.1100243331
0.0907161515
0.1089446651
0.0895343387
0.1017609001
0.0901980426
0.0947728776
0.0847531101
0.1103018390
0.0865619137
0.1144741172
0.0888803309
0.1202977368
0.0924832552
0.1181758762
0.0927181613
0.1097846914
0.0899757173
0.1075819113
0.0888803309
0.1228850790
0.0906460056
0.1192273667
0.0900867428
0.1070084153
0.0899757173
0.0959505421
0.0886644463
0.1027682020
0.0890972693
0.1077253094
0.0910984404
0.1063009998
0.0890972693
0.1019860340
0.0901980426
0.0948049347
0.1029505712
0.1105612507
0.1000375946
0.1145852663
0.1013585811
0.1180395395
0.1081215325
0.1141125060
0.1128266159
0.1088489204
0.1138172038
0.1063099193
0.1005722378
0.1128605905
0.1049131430
0.1160433365
0.1085541041
0.1086939343
0.1053417053
0.0961829941
0.1066196905
0.1035759507
0.1069127929
0.1090885679
0.1102465953
0.1080425184
0.1093169310
0.1032740239
0.1096250721
0.0959505421
