0.3851414580
0.7396204433
0.3695373243
0.9959049728
0.2997770169
1.1883013112
0.5500365378
1.1996614105
0.6363700672
0.9437139030
0.5636820316
0.6361053965
0.3610978677
0.9922396315
0.3362396994
1.2183344983
0.3683476655
0.5521550782
0.4501510393
-0.4636586543
0.3704087802
-0.2622952678
0.3501344893
0.5550370553
0.4822376912
0.5437957138
0.5710024554
-0.3068681151
0.5751154982
-0.4779593990
0.8856510627
0.9218051000
0.8945613105
0.9673752484
0.9317418080
1.0133997955
0.9238129298
1.0169560043
0.9119308199
0.9829924321
0.9258234508
0.9258461485
0.9405381166
0.9933176987
0.9464206792
1.0163821268
0.9186784976
0.9613802451
0.8965407833
0.8392302383
0.9147669528
0.9059993310
0.9046534447
0.9613802451
0.9158574152
0.9611390136
0.9400257539
0.9013184175
0.9349884410
0.8379556480
0.8164298603
0.9183516518
0.7782030916
0.9574511044
0.7822728107
1.0082884732
0.8251623966
1.0114989029
0.8170172092
0.9616361027
0.8256351027
0.9086913970
0.8319559339
0.9771301905
0.8032770445
1.0114206170
0.8087055343
0.9212827218
0.8011259998
0.7921184251
0.7968582871
0.8680021907
0.7947414366
0.9199515438
0.8231691241
0.9225012205
0.8119979896
0.8659516133
0.8076139746
0.7829995910
0.8199943126
0.9014759273
0.7900317980
0.9506615181
0.7981134733
1.0108474804
0.8356432096
1.0168366837
0.8427294861
0.9497261069
0.8821819631
0.8949803758
0.8402375677
0.9827022537
0.8164847602
1.0138332368
0.8187018423
0.9168327490
0.8016128013
0.8003786988
0.8088186473
0.8829948692
0.8088186473
0.9168327490
0.8288295566
0.9168327490
0.8311142814
0.8737808838
0.8288295566
0.7974061636
0.8232957578
0.8828707517
0.7828570272
0.9477120440
0.7901338801
0.9913792706
0.8451233157
1.0156345320
0.8622689389
0.9641827257
0.8681397973
0.9004489022
0.8507622560
0.9745009128
0.8153983213
1.0069001831
0.8063740200
0.9366099992
0.7945384396
0.8175180249
0.7975472825
0.8809290810
0.7901338801
0.9382812421
0.8232957578
0.9341813830
0.8206463360
0.8800075677
0.8180139115
0.8175180249
0.8385207600
0.9109212996
0.8170987239
0.9607764762
0.8244870409
1.0157765081
0.8568881112
1.0174681612
0.8653902369
0.9664350724
0.8867921631
0.9241369935
0.8656565878
1.0008135588
0.8403753824
1.0187995743
0.8403206351
0.9350579456
0.8284025359
0.8225022932
0.8303742626
0.9016885730
0.8323553977
0.9369390450
0.8257894126
0.9327619704
0.7981500456
0.8987731773
0.7463349234
0.8280964022
0.8528970070
0.8950593554
0.8284024385
0.9296269743
0.8469347896
0.9790616133
0.8882856700
1.0090610293
0.8881552096
0.9396112944
0.8927724270
0.8859681520
0.8882856700
0.9828655901
0.8671175272
0.9956063682
0.8636531854
0.9631763002
0.8355438118
0.8316411692
0.8488817600
0.9087951241
0.8527711749
0.9643304784
0.8740605786
0.9620248815
0.8790861724
0.9140315265
0.8541477610
0.8316411692
0.8579134959
0.9048504631
0.8328474185
0.9659775908
0.8357128865
1.0409132283
0.9214135789
1.0479730744
0.9090590064
1.0025562383
0.8903702497
0.9400669048
0.8749473337
1.0329207407
0.8765259978
1.0495531044
0.8766314447
0.9774997794
0.8593106929
0.8204319439
0.8593106929
0.9022307925
0.8563368824
0.9774997794
0.8976900615
0.9761299051
0.9043746987
0.9045428073
0.8959074502
0.8134920641
