0.2795508856
0.4653709251
0.3083382548
0.7052142573
0.3278523845
0.5653541385
0.3331319825
0.4576666752
0.3027907092
0.9817564027
0.2725378097
0.3185701352
0.2428237447
0.3733721564
0.3437122939
0.5146816289
0.3290349788
0.6230553103
0.3076450588
0.3485721262
0.3295153011
0.4193806912
0.3208248621
0.7246101883
0.3340738396
0.5402926544
0.3091328661
0.2903682747
0.3380605732
0.2839692722
0.2709583782
0.6148815682
0.2874495623
0.8948214763
0.3087789961
0.7118057291
0.3563132842
0.7663140925
0.3330590651
1.0017324482
0.3238809607
0.6659018492
0.3356987975
0.5576521295
0.3527130381
0.7380548631
0.3279481377
0.9819225698
0.3082074948
0.8161114516
0.3378238454
1.0908024966
0.3249412805
0.9819225698
0.3310111629
0.9665335998
0.3422824827
0.9494623322
0.3383372252
0.7763388014
0.0931110458
0.1139123018
0.0936020045
0.1202139213
0.0943482277
0.1279642723
0.1010623909
0.1280982839
0.1022263589
0.1196457427
0.1025215523
0.1130169413
0.0974560218
0.1257804531
0.0975899625
0.1277523195
0.0974560218
0.1192138129
0.0963975887
0.1028138251
0.0958769470
0.1126367322
0.0956187295
0.1194499698
0.0993653037
0.1189785879
0.0990879817
0.1134330261
0.0988122034
0.1026906483
0.0953364509
0.1151327516
0.0958512232
0.1211961781
0.0968976272
0.1283547722
0.1046059878
0.1287773491
0.1061700615
0.1215728645
0.1068088659
0.1155484833
0.1007471097
0.1262828160
0.1007471097
0.1287773491
0.1008902560
0.1215774555
0.0996163977
0.1036907335
0.0993376743
0.1134162937
0.0990605063
0.1218088494
0.1027888726
0.1213469391
0.1024921400
0.1134979737
0.1021971157
0.1033335757
0.1050550429
0.1363453142
0.1050550429
0.1445115134
0.1063133695
0.1541412536
0.1152892849
0.1547228977
0.1171920522
0.1453867611
0.1175801675
0.1356749876
0.1102759539
0.1507411985
0.1106195445
0.1544315280
0.1107921439
0.1431102313
0.1092578704
0.1193506617
0.1085895276
0.1319492455
0.1085895276
0.1431102313
0.1130859654
0.1431102313
0.1130859654
0.1319492455
0.1123701218
0.1188777239
0.2510511335
0.5588774269
0.2354768430
0.5329321618
0.2524925882
0.5032573781
0.2667910620
0.5451788992
0.2662244744
0.5562795303
0.2908749851
0.5363536679
0.3054019314
0.3966216276
0.2750316697
0.5340705198
0.2489537178
0.7548906250
0.2302638981
0.5918661192
0.2438789091
0.7979322564
0.2490387578
0.7333488963
0.2488687360
0.7478361480
0.2763143398
0.8453712473
0.2723018482
0.6559057556
0.0884372824
0.1014484448
0.0875648063
0.1066331505
0.0891031352
0.1118436589
0.0946976808
0.1118436589
0.0968839168
0.1065845419
0.0960972111
0.1010331068
0.0913969224
0.1100504925
0.0918699250
0.1118436589
0.0918699250
0.1060896182
0.0909287655
0.0923846681
0.0900066939
0.0998867658
0.0904653802
0.1062340978
0.0933187709
0.1059399817
0.0933187709
0.1000903459
0.0925886803
0.0923846681
0.0892379340
0.1039135181
0.0842897795
0.1083697857
0.0854266165
0.1122798140
0.0882023661
0.1121779621
0.0888800730
0.1073642504
0.0884372824
0.1043782405
0.0905131723
0.1119612724
0.0867923038
0.1125142697
0.0872906923
0.1060896182
0.0869909747
0.0910246745
0.0877948376
0.0993536131
0.0867923038
0.1062340978
0.0879981300
0.1057607149
0.0902981075
0.1002204092
0.0898710296
0.0926700445
