0.4202799005
0.4071495656
0.4601332635
0.5712489910
0.7021833971
0.7157924878
0.6029772810
0.6274679660
0.4884321881
0.5771167946
0.4733662817
0.3862440485
0.8007923092
0.4259066678
0.7177469162
0.7244559456
0.6164741025
1.0008915494
0.6665620956
0.6276505524
0.7750310993
1.0288647638
0.6306201439
0.9945635894
0.6029487836
1.0002078355
0.8324517303
0.9141104638
0.7082811143
0.6879441738
0.4692854142
0.4586623388
0.5112288162
0.7201920373
0.6198209753
0.7433944622
0.5899435389
0.6441614007
0.4980257851
0.5879540117
0.4294116507
0.3836374672
0.6096778930
0.5076026983
0.7859163673
0.7509236142
0.6027355853
1.0390190527
0.5927093216
0.5619006574
0.7804507176
1.0300720879
0.7230779294
1.0636525904
0.5163369758
1.0139979627
0.6957547778
0.9122529558
0.5866303455
0.6491155738
0.4397721334
0.3891111998
0.4707213905
0.4670817926
0.5054217522
0.4788687326
0.4432673869
0.4795509710
0.4440806396
0.4760143936
0.4411304265
0.3508302579
0.4869462336
0.3261309468
0.5534229169
0.4793335795
0.4452398801
0.6188285843
0.4885141508
0.4902971388
0.5485603716
0.7703974248
0.5041970291
0.6182117673
0.3967032273
0.6120556298
0.4447250320
0.6479584666
0.3299424711
0.5490908214
0.3075936270
0.3446535730
0.2851679446
0.4484786041
0.2629408422
0.4295602434
0.2526519736
0.3990787272
0.2672155194
0.4032550293
0.2974712801
0.3192022442
0.2720406104
0.3383072119
0.2576937486
0.4274948304
0.2524429889
0.5473219354
0.2863388135
0.5083581201
0.2943859797
0.6359779259
0.2533996860
0.5667060882
0.2514934885
0.5360618651
0.2842213517
0.6166204524
0.2929865772
0.5474191132
0.0956345830
0.1115289540
0.0932581619
0.1208146781
0.0946696277
0.1281034642
0.0991725692
0.1255128528
0.1004038949
0.1145764177
0.1035819505
0.1073043105
0.0989111975
0.1204049530
0.0969939727
0.1277713538
0.0971194724
0.1233244736
0.0963713082
0.1064187591
0.0961244752
0.1143187463
0.0958789033
0.1237259767
0.0981352837
0.1229255678
0.0983925655
0.1147591598
0.0976247357
0.1050172624
0.1054374099
0.1252509420
0.0982600206
0.1334261818
0.0997795679
0.1443519275
0.1084852126
0.1390178325
0.1093757426
0.1255730221
0.1129982303
0.1164003206
0.1087997120
0.1312130151
0.1039768381
0.1424060738
0.1054374099
0.1459428215
0.1062784114
0.1170149204
0.1042126270
0.1317059692
0.1027855610
0.1463291708
0.1081725261
0.1448006225
0.1091160402
0.1278630215
0.1097542471
0.1170693611
0.1145755383
0.1351503598
0.1100930185
0.1449119783
0.1120666168
0.1577085341
0.1202587958
0.1519916443
0.1250108363
0.1362720335
0.1259583279
0.1256609816
0.1197978831
0.1448512612
0.1160182714
0.1555050242
0.1195075960
0.1497158241
0.1175017155
0.1273201279
0.1182232879
0.1328667602
0.1175017155
0.1499997304
0.1215831510
0.1494329904
0.1223558866
0.1311050172
0.1215831510
0.1242879592
0.0944684318
0.1078582623
0.0922046876
0.1118790721
0.0934487484
0.1192907335
0.0996324310
0.1221223199
0.1007923656
0.1154660881
0.1022808250
0.1097923373
0.0999199046
0.1215160584
0.0965760466
0.1202868147
0.0959073847
0.1136442824
0.0968461294
0.1050273377
0.0957747618
0.1117969465
0.0944684318
0.1125785346
0.0973908522
0.1147304013
0.0982195236
0.1129315559
0.0973908522
0.1053345249
