0.2317700767
0.6515280161
0.2076922947
0.7815694773
0.2093003287
0.9503073119
0.4221156797
0.8381930804
0.4650418875
0.6469870058
0.4811226001
0.5605027929
0.3269195051
0.8673571027
0.3148242773
0.8899133101
0.2944443587
0.3757174583
0.2251448904
-0.7504399591
0.2182248670
-0.3580809452
0.2375846800
0.4523917811
0.3526073076
0.3604625153
0.3758598670
-0.1091342642
0.3672718275
-0.7029258063
0.5731386048
0.5651130929
0.5632519951
0.8980303013
0.5938360282
1.3550300011
0.7536993994
1.4354881604
0.7364603777
0.9904040436
0.7182416957
0.6336993501
0.6434559814
1.2734369834
0.6724654699
1.4180920394
0.6533513207
0.7215827765
0.6449719235
-0.4457216149
0.6479626272
-0.1495851313
0.6627795822
0.7323628077
0.6398446341
0.7096327376
0.7271586114
-0.1057937738
0.6508511228
-0.5272323073
0.7583803828
0.9109844647
0.7502076285
0.9781716483
0.7583803828
1.0609953049
0.7862167542
1.0564098404
0.7884428940
0.9706536014
0.7929332082
0.8821000272
0.8043859902
1.0426698858
0.7720477382
1.0664771296
0.7640929270
0.9643242542
0.7502076285
0.7678660095
0.7563205457
0.8504259091
0.7568448196
0.9628694913
0.7709789379
0.9624912866
0.7862167542
0.8471303023
0.7667331662
0.7618201811
0.8196480093
0.8746821154
0.7874232014
0.9719834979
0.8102205667
1.0892448218
0.7525840366
1.1008978082
0.7444624029
0.9471965793
0.7505370605
0.8460773546
0.7758604981
1.0924193665
0.7835715921
1.0999314489
0.7791465900
0.9657400677
0.7824606362
0.7684898737
0.7914375023
0.8485051640
0.7905480890
0.9598951018
0.7629887172
0.9588140981
0.7608848289
0.8484915493
0.7629887172
0.7674315429
0.7790966192
0.9307998728
0.7856277943
0.9915508181
0.7726731403
1.0821010800
0.7500000000
1.0925099765
0.7440455187
0.9863285586
0.7381848416
0.9118825687
0.7305127317
1.0831813422
0.7611677646
1.0973205463
0.7726731403
0.9573111217
0.7812615784
0.7681778553
0.7565752236
0.8512248408
0.7726731403
0.9590361291
0.7726731403
0.9555923086
0.7621995301
0.8431036043
0.7812615784
0.7545436703
0.7167917581
0.8914366670
0.7225442944
0.9466455949
0.7264308905
0.9923874190
0.7765564471
0.9780244741
0.7925062155
0.9047178313
0.7948383959
0.8510364898
0.7323398204
0.9500323484
0.7506578097
0.9852821591
0.7580313807
0.9440412638
0.7590965898
0.7826099952
0.7465083903
0.8603360331
0.7444508358
0.9466455949
0.7721166149
0.9406634027
0.7787955659
0.8575224469
0.7727625931
0.7805830943
0.7952078167
0.8899018085
0.7911930289
0.9431527914
0.7852462866
0.9965060305
0.7372234409
0.9866564658
0.7286538533
0.9228085460
0.7236070679
0.8692375215
0.7424626352
0.9738226526
0.7604774780
0.9915567887
0.7698167546
0.9629896241
0.7788984039
0.8043057157
0.7698167546
0.8773866303
0.7813312072
0.9600163549
0.7586367495
0.9659813674
0.7586367495
0.8767003636
0.7788984039
0.8011545179
0.7352581479
0.9020223845
0.6908309727
0.9572903734
0.6986485805
0.9993703749
0.7513732863
0.9824992961
0.7354245011
0.8948782692
0.7393478841
0.8333708321
0.7495404495
0.9473162020
0.7257507144
0.9908630262
0.7387774518
0.9453649185
0.7427698194
0.7559819582
0.7370135986
0.8401583399
0.7232003008
0.9470503313
0.7433133529
0.9436854940
0.7467836511
0.8543294776
0.7407790404
0.7701969078
