0.1260533573
0.1270877212
0.1208601375
0.1362251475
0.1224805626
0.1466859798
0.1328357375
0.1433072372
0.1317946206
0.1281778116
0.1305694014
0.1182197152
0.1274001403
0.1364428175
0.1275563160
0.1455695140
0.1297129881
0.1388038116
0.1282020204
0.1147909519
0.1301246369
0.1259077882
0.1272967710
0.1390611745
0.1322227043
0.1384069155
0.1352762864
0.1260084691
0.1312992086
0.1144914078
0.4122633500
0.3132707503
0.3982375114
0.4021146429
0.4529394784
0.6059046045
0.4760304857
0.7053110513
0.3730940281
0.6024126259
0.4027343203
0.3850702275
0.5084260017
0.4220485225
0.6288245282
0.6873462188
0.4980184045
1.1136151169
0.5068677441
0.4911040884
0.6561257106
0.7970378830
0.4556609237
1.0633109380
0.4579031928
1.1024390864
0.5345049231
0.7535248285
0.4676126871
0.5291892368
0.1298994892
0.1400622009
0.1278332799
0.1504662572
0.1319017754
0.1638548096
0.1341977514
0.1645021540
0.1328848611
0.1504441965
0.1342675373
0.1405481140
0.1363777893
0.1639985251
0.1363777893
0.1645202223
0.1284165512
0.1429557448
0.1312932167
0.1166696933
0.1345201594
0.1275185507
0.1315120553
0.1420007236
0.1254634186
0.1432363023
0.1352376883
0.1275746982
0.1346989412
0.1169907639
0.3440369817
0.4936935136
0.3164562832
0.7905357613
0.3616429782
0.7596044562
0.5190129711
0.8316836507
0.4291313866
0.9348315063
0.4440717344
0.5683500179
0.5864583913
0.7363934586
0.4785167031
0.7969384360
0.4784858940
1.0235000092
0.3723639364
1.0205392927
0.4161140075
1.0068279924
0.4052832341
1.0083977224
0.5354530118
1.0311440047
0.5552649879
1.0093500226
0.5030626058
0.8707218376
0.4046753809
0.5596797026
0.3473656386
0.8257722350
0.3677443859
0.9294790785
0.5755343855
1.0066534341
0.4694668171
0.9879454148
0.4230453110
0.6432721030
0.5314192956
0.7683205734
0.4500657712
1.0592596858
0.4374654286
1.0360834023
0.3713073154
1.0307658116
0.3941328842
1.0614214030
0.3791880810
1.0371950494
0.5169090938
1.0349741355
0.5615324968
1.1179604115
0.5461499741
1.0784845268
0.1214258597
0.1422229376
0.1224206128
0.1512350253
0.1236846084
0.1605976821
0.1306100909
0.1714616023
0.1286404158
0.1586891065
0.1240472043
0.1465191252
0.1262263326
0.1671692264
0.1301506333
0.1684117172
0.1265436653
0.1493337556
0.1227073207
0.1227813468
0.1257793208
0.1331063481
0.1267160875
0.1474669890
0.1238756609
0.1502468144
0.1259178219
0.1336589813
0.1188635041
0.1220584798
0.4744765994
0.5083705109
0.3884615817
0.7525480803
0.4046851072
0.8050583061
0.3619175063
0.7759354617
0.3696795189
0.8486508172
0.4540847438
0.6565518577
0.5182647487
0.7930700331
0.4023793870
0.7902286539
0.3097982799
0.9747344059
0.2938392209
1.0234416187
0.3523714685
1.0347310223
0.3061164187
0.9983839819
0.3124771293
0.9521793193
0.3504870374
0.9938416215
0.3133989906
0.9836014719
0.3937516900
0.4467540652
0.3424258360
0.7163372648
0.3372918361
0.7535891129
0.3218119241
0.7816362971
0.3295842589
0.8752723621
0.4335045657
0.5537089622
0.4101164022
0.7349057721
0.3577376622
0.7673565066
0.3015018508
1.0134702692
0.2934409563
0.9257694152
0.3386083181
0.9827815013
0.2879798914
1.0109276327
0.3125005608
1.0120767597
0.3882306374
0.9938416215
0.4082319719
1.0076885972
