0.5153952343
0.5266391545
0.5507869629
1.0335522779
0.6510483850
0.8779412215
0.7595788312
1.0277521513
0.5257369352
0.9172524658
0.4546504330
0.4845402942
0.5412012891
0.7296107382
0.7474857228
0.9834192953
0.8400741336
1.6271955267
0.6434052592
0.7355855241
0.6478820518
1.3012537915
0.7682959871
1.5276962867
0.8876668915
1.5708090870
0.8888110708
1.3597787178
0.7073119188
0.7935995454
0.4234459391
0.7082124457
0.4523419259
1.5207230212
0.6392493520
1.2194280421
0.6798765514
1.1712626062
0.3977342557
1.3959663880
0.3444395324
0.6574830367
0.9139202909
0.8867679080
1.0487154937
1.2035131361
0.7048177990
1.7414283314
0.6757010374
0.8572655567
0.6966781539
1.2704641522
0.7150044064
1.6785756078
0.6032727300
1.7407777323
0.8046568133
1.3303152810
0.6358182339
0.8957209043
0.1141454613
0.1337376224
0.1180683783
0.1434871157
0.1145509928
0.1546750999
0.1228701655
0.1573528513
0.1213542547
0.1449846937
0.1203206034
0.1357574346
0.1218086153
0.1542906826
0.1185648284
0.1574040129
0.1161234676
0.1385870050
0.1151748445
0.1094410883
0.1178898914
0.1231512470
0.1142002390
0.1385870050
0.1180683783
0.1385870050
0.1231969915
0.1231438246
0.1211110473
0.1114277414
0.1380976186
0.1515264523
0.1376404278
0.1622388030
0.1390344488
0.1745810254
0.1487409390
0.1793227302
0.1497862910
0.1618312142
0.1496636280
0.1557965254
0.1480109582
0.1722683407
0.1475205420
0.1769566503
0.1467527830
0.1600557003
0.1413577574
0.1208631394
0.1418317680
0.1398979015
0.1427893903
0.1600557003
0.1509424803
0.1599298089
0.1536847302
0.1398068165
0.1509424803
0.1220410685
0.1070801033
0.1258050745
0.1099281812
0.1345340389
0.1092612017
0.1398491905
0.1127097119
0.1372626728
0.1129624348
0.1269330849
0.1125655975
0.1234877044
0.1133995823
0.1347700934
0.1137154941
0.1385438606
0.1068269336
0.1293669351
0.1081448051
0.1025517422
0.1073140122
0.1175475291
0.1061549754
0.1295928305
0.1074518875
0.1291418259
0.1064031621
0.1160635059
0.0992125389
0.1022720575
0.3647092161
0.4741585839
0.3413679299
0.6944750310
0.3842249702
0.7129602172
0.4025059814
0.6797186664
0.3961433795
0.5789862435
0.3852490381
0.4654872514
0.3536767166
0.4817805649
0.4101327662
0.7041257399
0.4460437122
1.0452664939
0.4495795343
0.7491698167
0.4504232221
1.1134324953
0.4500029656
1.0033900759
0.4390810185
1.0075268795
0.4174201462
1.0280514752
0.4444843364
0.8531324315
0.0789888724
0.0896895033
0.0800557233
0.0932461947
0.0810212528
0.0976636227
0.0824789800
0.0974072586
0.0824789800
0.0918612018
0.0799142738
0.0886387215
0.0808716015
0.0954038016
0.0825170580
0.0975352722
0.0786922301
0.0928401786
0.0813530032
0.0804357615
0.0822451828
0.0863226401
0.0781808257
0.0926169397
0.0791634818
0.0927085791
0.0818048350
0.0861250171
0.0771701176
0.0800882330
0.3248594341
0.3809048875
0.2969127190
0.6110198759
0.3256927528
0.6156169895
0.4075442289
0.6056368567
0.3360684843
0.5975135173
0.3260388509
0.4794622749
0.3930031748
0.4439233761
0.4009430456
0.6237251499
0.3964583086
1.0854014401
0.4013787207
0.7597789435
0.3871710863
1.0797677214
0.3594798582
1.1101826613
0.3733950949
0.9748332491
0.4347891980
0.8179180197
0.3983559879
0.6581436766
