0.1266181122
0.1609806613
0.1307904020
0.1765218440
0.1345309052
0.1946720748
0.1306879760
0.1861438176
0.1289894519
0.1677078963
0.1305717875
0.1560028076
0.1276539908
0.1795640658
0.1349528968
0.1908330410
0.1345868835
0.1721593837
0.1364871116
0.1361206082
0.1368132363
0.1537406332
0.1371914760
0.1721749837
0.1320793453
0.1716172640
0.1327861993
0.1512474201
0.1338607809
0.1365988672
0.1161963653
0.1490126187
0.1160114491
0.1591838357
0.1185603012
0.1685941563
0.1117682760
0.1589071425
0.1104500656
0.1455731295
0.1120357030
0.1369519311
0.1162063931
0.1551332456
0.1150641456
0.1636685028
0.1149229416
0.1540577199
0.1120914123
0.1251960401
0.1176664946
0.1386583811
0.1146860647
0.1547840685
0.1131183319
0.1533381565
0.1131183319
0.1359782397
0.1130212258
0.1239917174
0.1099059969
0.1398876990
0.1131840244
0.1498679742
0.1166526805
0.1599069733
0.1205176160
0.1512346851
0.1201942341
0.1398372366
0.1127758822
0.1327465215
0.1131025061
0.1484174741
0.1186927797
0.1554499702
0.1221414404
0.1493178616
0.1193218971
0.1250807821
0.1190959390
0.1370389101
0.1215761811
0.1503236279
0.1227119804
0.1483254643
0.1201856610
0.1343859853
0.1212955090
0.1225226453
0.1069779084
0.1301091755
0.1094682760
0.1370312638
0.1104877455
0.1466704937
0.1115189647
0.1448343270
0.1125696148
0.1349085286
0.1107437582
0.1287211510
0.1050657394
0.1426836036
0.1108722100
0.1491587984
0.1225688463
0.1380799176
0.1183907506
0.1199719465
0.1146926921
0.1299227458
0.1215761811
0.1372169656
0.1235778550
0.1389537925
0.1202144814
0.1258275749
0.1212955090
0.1206421485
0.1232504823
0.1272228203
0.1248108719
0.1354218448
0.1275192839
0.1461890758
0.1264928350
0.1437807520
0.1250043642
0.1337033154
0.1228014447
0.1279387586
0.1212345703
0.1418712754
0.1287939100
0.1461890758
0.1353574526
0.1372021777
0.1251080685
0.1193087742
0.1266155377
0.1310565952
0.1354874168
0.1363501281
0.1321579801
0.1380649432
0.1298956025
0.1304140280
0.1314175350
0.1196591515
0.1249097594
0.1278931022
0.1252370681
0.1356424716
0.1271577969
0.1459175300
0.1279344120
0.1412119032
0.1241295683
0.1321029276
0.1211269055
0.1265518703
0.1220128081
0.1382151230
0.1292550624
0.1442241902
0.1353637447
0.1414563297
0.1340842464
0.1225997407
0.1333639063
0.1307170619
0.1330066309
0.1427712751
0.1378059102
0.1392302409
0.1351765546
0.1302657310
0.1381894711
0.1195826610
0.1132577426
0.1312939129
0.1129864555
0.1396229472
0.1155226454
0.1474971177
0.1235641756
0.1386367795
0.1202894266
0.1294903348
0.1173344649
0.1236454856
0.1184075008
0.1412466614
0.1199046425
0.1430401612
0.1174892215
0.1366686312
0.1146339573
0.1223867551
0.1151938536
0.1303614635
0.1157592460
0.1389668804
0.1192716891
0.1344329442
0.1171973104
0.1309159736
0.1160440286
0.1213523136
0.1195622758
0.1301644938
0.1195622758
0.1370890312
0.1232070286
0.1468195353
0.1281849711
0.1388016117
0.1238890124
0.1297364027
0.1169923887
0.1238685139
0.1226156326
0.1386543917
0.1266238157
0.1438264817
0.1256284051
0.1370775421
0.1228912126
0.1231190687
0.1228912126
0.1314451144
0.1238435553
0.1391906443
0.1274654543
0.1350276400
0.1267912531
0.1284057841
0.1261241464
0.1222261471
