0.8572130417
0.8256703331
0.8673464679
0.8949193415
0.8947391323
0.9648526747
0.9314409018
0.9886531696
0.9088887052
0.9245583445
0.8657221516
0.8480985743
0.9232767653
0.9252524917
0.9378569398
0.9768475937
0.9347978316
0.9010564227
0.8894258434
0.7052323422
0.9072143071
0.7533606708
0.9163101071
0.8928512926
0.9494560623
0.9094137587
0.9481675130
0.7671135536
0.9294049377
0.6930135332
0.7822952326
0.9315941309
0.7808586412
1.0085296248
0.7822952326
1.0562053063
0.8231857345
1.0644666096
0.8394365770
1.0112942811
0.8427640462
0.9570745654
0.7939811011
1.0598146159
0.8022197570
1.0669402657
0.8098592238
0.9770720464
0.8075521498
0.7986303955
0.7999559425
0.8842921884
0.7984538176
0.9770720464
0.8215951898
0.9757661939
0.8200107797
0.8832307799
0.8231857345
0.8067569502
0.2435491510
0.5418360933
0.2511535635
0.7833803681
0.2579379051
1.3093423157
0.4066087726
1.2729511398
0.4774061454
0.8906172148
0.4574346637
0.6103083068
0.2378655578
1.2748885595
0.3033186439
1.3167278154
0.3287879800
0.6478360523
0.2605508429
-0.5153121406
0.2398461393
-0.2787363076
0.2777836553
0.6245339335
0.3809042990
0.6532661265
0.3426028677
-0.2326678489
0.3388900153
-0.5246550096
0.7242687397
0.8301109901
0.7277790270
0.9192340559
0.7421671672
1.0061314158
0.7994613612
1.0264328128
0.8124377006
0.9331418546
0.8080657008
0.8792822372
0.7795062101
0.9972059661
0.7697496028
1.0317831016
0.7648486740
0.9405107722
0.7440057850
0.7503393828
0.7385170596
0.8489659382
0.7495767066
0.9313076538
0.7807558898
0.9459074124
0.7747137442
0.8434707690
0.7727204241
0.7570814295
0.2539112760
0.5630737488
0.2483448180
0.7361872631
0.2253814234
1.0462287030
0.4136339179
1.1134911914
0.4721895994
0.7810409694
0.4692929144
0.5201083708
0.2962968252
0.9531666327
0.3017619797
1.1030220615
0.3081883698
0.6749339661
0.2267347177
-0.7006373566
0.2246694445
-0.2031844216
0.2517701514
0.6667806073
0.3640185356
0.6426875350
0.3210187295
-0.2514096441
0.2911844209
-0.7543728160
0.7682672980
0.8930149465
0.7712627192
0.9486988661
0.7773241858
0.9854834156
0.8225774838
0.9889347702
0.8400434154
0.9390199003
0.8382635158
0.8908804880
0.7944953375
0.9647860684
0.7993108389
1.0056970158
0.8025537349
0.9623573417
0.7960940447
0.8025594295
0.7929030384
0.8691004138
0.7897375112
0.9596069237
0.8157927958
0.9569730235
0.8107772766
0.8671422999
0.8107772766
0.7957125576
0.3322336197
0.5216712380
0.3599072762
0.6726839089
0.3611339227
1.0069944778
0.4724784126
1.1927476618
0.5063662467
0.7833565845
0.4780539079
0.5785298592
0.3788427925
0.9523451084
0.3622997055
1.1418359603
0.4096777064
0.6502108262
0.2334416915
-0.4498195508
0.2722011720
-0.3034432995
0.3564190142
0.6386897885
0.4625909541
0.6138365306
0.3995590799
-0.2423543077
0.3828660763
-0.4306278252
0.7438170505
0.8576905474
0.7405272737
0.9221764275
0.7504850787
0.9728899556
0.7988227233
0.9833192376
0.8007328726
0.8966901712
0.7857026603
0.8409564314
0.7783971809
0.9164390418
0.7747951504
0.9765320298
0.7738998456
0.9465042501
0.7730066075
0.7631642509
0.7641863406
0.8409564314
0.7589901400
0.9445607891
0.7894070654
0.9364588534
0.7838634648
0.8440423972
0.7765919889
0.7581836146
