0.8024049287
0.8855497844
0.8004353901
0.9592899707
0.7862553636
0.9949148799
0.7471386866
0.9789844686
0.7388468350
0.9232991523
0.7347695464
0.8691061824
0.7659029573
0.9486066065
0.7670059646
0.9868853908
0.7675981692
0.9369096287
0.7776857370
0.7737517439
0.7793520998
0.8566988601
0.7776857370
0.9388108427
0.7571918065
0.9327894398
0.7534807492
0.8553567454
0.7513547989
0.7563025507
0.8691014946
0.9330265251
0.8628472357
0.9856163259
0.8962921013
1.0214454523
0.9299568635
1.0315992763
0.9162053149
0.9444018863
0.8538088554
0.9439458590
0.8792524322
0.9875076972
0.9268339223
1.0283448522
0.9032381880
0.8507285001
0.8752982877
0.6610553662
0.8812851380
0.7347800911
0.8876074699
0.8711325385
0.9109438823
0.8286287468
0.9159805399
0.6871264656
0.9197282484
0.6540983071
0.7526406380
0.8810867851
0.7635997442
0.9270339122
0.7761683410
0.9870699321
0.7897304974
0.9544906131
0.7717465921
0.8787934210
0.7579386444
0.8243155232
0.7479026422
0.9409816236
0.7842479307
0.9884011919
0.8042244530
0.9131960653
0.7966526746
0.7938559015
0.7892221431
0.8597465512
0.7929200012
0.9109442447
0.8157555526
0.9145002639
0.8216248834
0.8690539246
0.8119415443
0.8037917556
0.7459925372
0.8602609438
0.7410541219
0.9187490443
0.7446077678
0.9724484251
0.7884062262
0.9834142032
0.7805103567
0.9235326605
0.7618298861
0.8705251018
0.7423156340
0.9545292165
0.7783564209
0.9779919608
0.7840351591
0.9058374977
0.7996701072
0.7929195128
0.7896165232
0.8415087483
0.7689901563
0.9015011584
0.7881073251
0.9082230082
0.8048426386
0.8511887992
0.7786712711
0.7994720978
0.7229447671
0.8778086919
0.7229447671
0.9149285631
0.7243250140
0.9730169490
0.7621579443
0.9779499565
0.7659210901
0.9225705017
0.7515887601
0.8766194133
0.7271013793
0.9564792056
0.7427600304
0.9822988169
0.7554903398
0.9051044924
0.7565991409
0.7882204468
0.7638436676
0.8527866323
0.7420060691
0.9007099767
0.7694737735
0.9094627155
0.7809852078
0.8573713615
0.7712456216
0.7876779897
0.7000284720
0.8622586469
0.6751067038
0.9195030335
0.6651363580
0.9486633017
0.6827828529
0.9583660670
0.6986710167
0.9341888663
0.7167391947
0.8821782766
0.6906355696
0.9245988000
0.6738440945
0.9553575556
0.6821365129
0.9027932505
0.7189135430
0.7926544250
0.7173185908
0.8608601573
0.6776461706
0.9028979000
0.6866867617
0.8992431039
0.7017498553
0.8537079314
0.6912478296
0.7973856599
0.6945706005
0.8952405338
0.6816887045
0.9396305848
0.6797491647
0.9876704461
0.7164406543
0.9952608309
0.7229445021
0.9467545607
0.7306831670
0.9125598991
0.7251387719
0.9608026223
0.6976127883
0.9901876775
0.7001683765
0.9344920379
0.7126475965
0.7895070169
0.7121693802
0.8585207573
0.6895588244
0.9303019716
0.7111095074
0.9354411830
0.7340506883
0.8747215926
0.7032360566
0.8046752400
0.7938905420
0.9183984206
0.7831748694
0.9524642337
0.7754148929
0.9954689394
0.7970133192
1.0018027472
0.8136743263
0.9588361133
0.8313657199
0.9228046821
0.8115667900
0.9857941250
0.7861148743
0.9986258003
0.7853039589
0.9437547177
0.8091452302
0.8276547120
0.7989111241
0.8917681946
0.7853039589
0.9394237216
0.7853039589
0.9477974240
0.8309083954
0.8993704560
0.8053324933
0.8397456794
