0.8493293369
0.8660564757
0.8143381715
0.9283247036
0.8252563619
0.9996114611
0.8950280364
0.9765865626
0.8880131410
0.8734850441
0.8797577910
0.8056242485
0.8584037664
0.9298080450
0.8594560564
0.9920031541
0.8739874019
0.9458973588
0.8638067194
0.7822584770
0.8767610320
0.8580156626
0.8577072796
0.9476511934
0.8908975071
0.9431926570
0.9114721026
0.8587017662
0.8846751267
0.7802171930
0.4156130806
0.7148993786
0.5129000443
0.7546856018
0.5627692318
0.9079794858
0.5716801093
0.9933884025
0.5864791081
0.6633921217
0.5993178627
0.5924124010
0.4725198966
0.8600379343
0.5744839228
0.9759844557
0.4489340600
0.4615957998
0.4837510847
-0.3399273779
0.4278918922
-0.2157726379
0.4419115005
0.5004661044
0.4807150174
0.4519141919
0.6610154201
-0.1322782619
0.5521630557
-0.3963782759
0.8406855826
0.9385757968
0.8273134560
1.0082947881
0.8536440100
1.0980132929
0.8685031439
1.1023512361
0.8600063601
1.0081469568
0.8689547858
0.9418319663
0.8826119480
1.0989763505
0.8826119480
1.1024723139
0.8310882805
0.9579658268
0.8497055304
0.7818194319
0.8705897096
0.8545190963
0.8511218136
0.9515660998
0.8119761502
0.9598458805
0.8752334247
0.8548953480
0.8717467520
0.7839709694
0.5484926844
0.8113463138
0.5637476194
1.0495402410
0.5615209059
1.2564969674
0.6724272226
1.3959379636
0.6278278211
1.0782540082
0.5536629540
0.7738504418
0.4837511837
1.4328513204
0.5589009936
1.3279363771
0.5986654843
0.6856643405
0.5704239623
-0.8167795926
0.5768729908
-0.1451755523
0.5871415280
0.6632940301
0.6472288451
0.7033145720
0.7332267942
-0.1210101267
0.6642936071
-0.6968745181
0.4586623116
0.7151523888
0.5307530894
0.8890034791
0.5643030051
1.4975888744
0.6367539780
1.6651521418
0.5999888977
1.0099747307
0.4969215809
0.7034060697
0.5250714429
1.5181289653
0.5913565212
1.7264286058
0.6391267041
0.7234247821
0.5541708522
-0.8349849973
0.5882376869
-0.1788419427
0.6137244314
0.7092381378
0.6737550756
0.7375810490
0.7415030326
-0.2116926402
0.7364483362
-0.8975264272
0.8491225838
0.9105345626
0.8560788233
0.9682314255
0.8649178563
1.0281726896
0.9133472734
1.0977252874
0.8995734725
1.0159536759
0.8674534641
0.9380394604
0.8826919572
1.0702447933
0.9101343188
1.0781994233
0.8849110423
0.9560591853
0.8580837515
0.7860663111
0.8795660344
0.8521686622
0.8861167789
0.9441078399
0.8662538736
0.9619047374
0.8805345632
0.8557067103
0.8312042099
0.7814383984
0.3998422944
0.6427605239
0.4644843576
0.9922788896
0.4418669842
1.3708131125
0.4273568313
1.3023675136
0.4338430382
0.9294454988
0.4826598849
0.7125936693
0.4884721309
1.5090732561
0.4041915474
1.3359599087
0.4154566127
0.6885270136
0.4977799811
-0.8191024435
0.4871834057
-0.1491989186
0.4423011522
0.6809698740
0.3866065871
0.6957344130
0.4138595871
-0.0949986407
0.3963320278
-0.7394100503
0.5116904826
0.7319392179
0.5374261360
0.9652009141
0.5433760368
1.2831739385
0.5026585051
1.3309312842
0.4701499872
1.0011430000
0.4620912238
0.7912253497
0.6217608111
1.4686150387
0.4834601358
1.3066163695
0.4387639621
0.7158890192
0.4910120776
-0.7409313597
0.5244035575
-0.1178248490
0.4639346563
0.6895255484
0.4182902156
0.7395000249
0.4591405443
-0.0949986407
0.4934504091
-0.7820059482
